857 532
791 249
12 611
412 726
484 706
557 628
111 122
405 506
497 431
300 691
179 258
635 510
338 604
559 527
280 292
660 939
640 601
63 674
567 714
580 317
325 412
111 215
435 39
742 241
382 170
633 698
420 857
306 8
814 974
791 78
610 673
34 129
406 216
87 319
221 576
626 829
465 912
517 482
968 43
281 746
525 662
807 812
974 589
957 854
863 373
531 920
350 238
503 151
812 758
855 928
239 780
243 305
829 664
959 527
368 648
718 791
801 727
829 51
312 627
501 262
278 302
964 549
408 269
410 833
832 479
79 944
70 63
513 448
788 124
41 25
432 562
786 258
487 262
714 70
69 723
328 387
293 177
499 493
171 800
716 20
910 914
858 782
933 542
895 460
112 276
371 820
804 546
957 996
478 365
722 203
720 919
534 614
859 38
943 481
514 524
838 850
941 847
576 822
225 228
793 554
817 264
513 594
419 415
217 323
51 578
552 343
961 297
679 171
567 898
221 239
198 150
945 148
106 531
677 748
513 57
999 494
164 917
793 561
909 135
728 287
891 89
219 787
256 178
735 524
241 851
469 850
173 48
956 633
11 963
424 708
596 597
265 901
922 607
202 22
469 897
455 70
357 69
210 34
286 367
576 915
954 929
473 606
455 402
123 317
743 370
765 333
377 178
299 985
850 273
563 344
234 932
621 925
54 957
926 182
448 142
825 12
96 610
181 243
869 470
848 776
911 864
904 9
819 522
769 924
295 60
3 721
423 382
449 257
102 755
143 297
619 332
599 768
784 90
308 388
333 204
245 482
12 846
519 522
803 601
683 94
896 756
273 567
129 687
543 899
716 58
784 589
586 643
398 76
821 644
974 894
384 715
24 102
120 63
942 214
697 287
766 877
606 216
690 665
748 136
404 523
17 93
574 947
509 903
693 797
898 976
513 375
229 839
832 153
721 663
288 665
799 482
215 630
378 67
209 243
103 254
792 376
275 271
354 667
47 667
941 228
270 220
10 19
230 103
813 220
157 383
540 296
855 507
123 225
528 597
734 535
170 698
187 304
366 882
37 515
641 894
95 767
78 583
59 82
809 860
200 612
879 604
47 400
911 550
778 564
160 676
120 667
924 527
589 136
417 296
590 743
339 529
174 707
777 230
767 354
610 364
737 382
664 370
748 54
307 59
220 291
32 558
295 789
199 37
314 237
417 949
914 200
800 883
869 385
230 453
443 428
342 112
719 869
741 508
339 890
779 37
981 173
965 867
359 257
233 36
381 722
121 309
5 160
873 431
459 565
202 693
136 150
907 975
193 906
156 214
58 683
959 88
737 409
242 105
181 286
283 587
666 403
556 25
715 629
96 257
924 109
180 856
697 982
149 889
232 743
73 142
693 370
529 697
720 23
448 9
554 441
117 681
366 336
643 61
233 435
849 596
1000 697
631 114
6 159
299 905
644 514
376 89
891 469
55 680
320 57
901 547
756 326
862 75
949 244
734 322
458 385
327 162
387 694
544 77
379 391
172 664
821 431
689 896
44 631
395 849
156 602
436 17
410 34
477 117
184 533
348 638
835 959
814 167
72 53
726 181
876 980
139 505
156 665
912 256
363 280
647 189
954 287
810 551
792 513
332 805
822 786
865 526
54 254
892 327
895 794
861 284
273 415
672 158
395 809
554 795
638 271
133 56
356 579
308 311
901 848
818 847
628 145
935 602
643 26
726 30
298 14
451 777
403 21
684 384
161 1
894 548
746 905
324 242
314 79
196 426
849 52
638 831
565 462
150 74
239 924
565 281
148 726
554 244
445 234
930 333
792 878
8 358
786 150
90 537
539 940
816 483
772 483
754 368
308 854
333 851
381 709
135 574
489 670
233 194
443 269
653 788
914 524
258 542
983 94
809 258
525 72
810 474
548 892
512 723
529 296
990 43
3 209
331 846
559 936
710 753
163 68
389 144
243 378
986 89
302 334
78 700
986 500
234 19
853 871
939 395
538 456
334 352
366 305
806 172
396 645
237 859
75 640
456 500
305 448
294 177
126 987
596 685
850 631
957 362
974 530
244 231
331 156
344 98
403 549
469 17
823 229
698 251
820 797
803 197
691 206
817 263
774 505
347 181
593 543
181 459
336 470
732 941
533 659
491 698
543 451
528 621
77 135
407 703
278 395
533 830
60 391
151 659
737 449
725 667
634 943
604 494
511 652
533 217
328 424
793 913
260 230
883 849
905 895
898 634
865 552
689 181
414 136
780 670
691 712
440 660
819 304
957 585
715 740
367 612
192 208
363 599
261 709
80 375
227 330
484 126
323 396
302 306
558 895
875 575
935 418
855 586
569 331
621 238
266 392
646 969
214 151
987 875
443 768
956 584
495 398
518 26
225 478
755 561
243 885
90 710
839 997
425 476
493 865
486 289
990 415
709 306
772 502
784 316
586 154
392 508
214 268
653 863
333 960
565 118
357 203
836 837
124 8
67 602
943 614
215 510
125 426
500 710
2 98
789 163
659 16
345 260
155 460
511 221
961 75
951 933
674 124
731 801
673 882
507 699
935 88
888 233
528 238
722 681
670 914
747 419
161 575
353 703
870 961
15 965
303 531
113 177
402 317
640 650
938 720
679 659
18 984
801 906
907 576
484 871
59 644
417 688
697 659
169 365
414 861
742 440
385 182
216 139
518 238
227 741
9 897
721 953
180 174
19 633
57 937
635 794
188 468
676 722
390 905
483 533
187 548
854 944
991 77
996 555
651 368
288 464
443 169
481 943
433 264
378 623
411 865
857 793
627 970
598 540
159 198
362 221
437 143
724 752
564 490
663 732
46 998
554 579
13 967
13 732
995 984
291 644
607 432
61 48
823 859
819 186
958 265
959 965
80 376
418 73
121 171
68 871
178 619
504 270
723 564
364 20
263 1000
546 644
338 32
333 131
384 567
648 284
402 73
522 665
600 594
324 959
528 525
714 256
255 59
685 584
498 275
125 1000
266 775
223 784
229 993
421 447
128 512
540 181
674 248
840 940
44 150
712 376
251 647
418 20
789 839
436 3
259 544
549 477
267 823
703 787
702 818
233 495
292 732
672 784
466 869
818 471
664 539
483 829
546 307
770 644
156 803
405 906
868 699
962 926
15 191
777 127
65 170
411 794
794 991
123 242
634 470
84 885
434 159
539 134
895 639
581 219
572 585
620 753
591 305
871 141
427 638
866 611
807 525
918 164
861 130
495 680
737 152
101 590
558 157
357 449
76 739
575 375
52 616
766 967
811 57
285 469
125 207
771 876
502 960
845 753
541 302
132 715
123 453
486 105
33 481
747 676
653 785
863 875
738 942
41 215
651 42
959 138
688 53
396 709
413 596
805 716
568 947
137 623
519 48
674 639
533 763
362 440
546 605
583 941
902 411
238 121
590 658
4 695
443 980
392 477
181 141
367 701
704 751
510 978
917 614
508 913
926 262
590 572
850 864
275 152
189 894
701 856
862 536
263 668
73 270
541 908
225 93
464 163
775 479
725 844
77 686
983 321
369 145
363 708
765 792
397 518
736 520
74 396
16 8
31 546
265 414
669 239
775 501
232 34
551 318
742 353
353 315
900 357
993 170
589 757
722 568
368 872
716 197
653 500
708 319
367 48
421 889
503 831
841 246
934 18
460 337
368 479
69 492
712 843
386 858
297 770
739 422
433 401
929 47
5 945
941 931
716 730
747 362
792 188
652 989
534 637
535 491
30 519
636 776
465 359
909 476
54 366
140 16
37 449
419 437
411 388
258 425
348 464
336 565
738 857
729 542
734 64
315 919
224 772
81 699
907 629
486 150
311 130
546 251
558 754
512 89
33 105
540 616
967 151
967 220
876 906
648 661
673 353
565 475
713 773
259 131
407 616
431 303
808 233
289 583
555 521
967 44
254 756
241 295
45 353
364 569
374 333
902 939
618 124
851 396
849 879
390 257
259 422
358 703
873 250
831 946
750 286
394 771
348 677
180 931
839 913
760 146
298 619
50 109
629 949
728 936
391 112
228 909
571 448
347 952
961 204
501 178
610 538
787 427
448 624
956 723
809 164
444 114
297 82
713 157
982 267
324 229
414 898
771 405
169 558
646 766
295 707
117 70
688 593
905 627
654 389
544 28
647 735
270 267
815 481
745 826
888 881
410 825
66 137
325 336
344 540
429 536
118 7
891 82
826 868
676 493
425 460
782 618
49 220
205 774
606 320
745 466
169 677
328 82
184 971
753 694
755 35
796 282
807 899
200 24
640 89
751 810
510 34
451 213
198 154
973 18
599 325
800 313
534 646
987 892
761 703
533 978
81 983
306 42
605 36
719 445
475 192
955 223
803 520
933 564
969 930
965 741
109 242
892 901
849 994
662 575
421 660
405 56
99 422
206 323
65 696
516 498
330 377
536 46
871 748
135 427
871 947
560 327
661 220
845 736
498 343
576 16
399 154
607 796
820 601
846 197
793 338
36 334
423 322
432 564
570 527
472 252
608 45
804 121
474 885
927 125
388 33
367 509
781 75
616 790
422 121
389 630
261 172
944 548
265 406
105 792
370 440
591 324
264 953
874 525
595 22
372 805
343 386
505 402
173 486
876 392
667 300
318 997
332 577
352 907
442 587
587 435
824 111
241 494
401 626
264 422
599 760
651 541
564 802
695 328
573 148
363 603
15 316
427 48
164 634
154 280
142 601
197 421
932 973
437 409
485 453
58 753
336 866
726 561
1 377
401 196
917 989
530 682
445 398
360 988
864 365
800 850
839 195
171 522
644 553
56 429
54 183
87 801
413 462
585 559
128 327
353 296
150 469
875 419
900 729
34 940
299 958
632 58
410 967
727 374
487 491
54 186
440 961
989 165
861 644
639 131
905 579
396 898
589 542
949 304
940 323
221 290
260 733
997 153
210 398
105 80
441 231
391 356
661 583
322 873
76 778
394 579
330 375
541 949
816 934
10 814
456 925
225 139
281 461
899 103
415 952
405 442
81 521
398 103
219 804
877 425
770 676
493 295
677 209
864 932
17 9
358 693
995 28
936 155
883 813
910 283
452 674
413 200
364 869
821 500
277 268
651 410
929 20
872 287
19 367
887 404
361 929
874 258
141 919
323 476
800 776
430 577
15 850
518 830
406 138
162 779
392 938
566 361
892 246
120 777
234 666
827 545
187 834
484 597
199 92
701 633
389 579
570 826
908 684
406 649
811 309
940 188
587 184
167 586
237 622
227 750
228 495
959 886
318 978
247 257
224 141
510 494
133 708
704 205
425 515
620 814
253 677
618 169
677 96
707 785
428 340
684 925
803 255
235 79
715 268
668 333
776 595
688 749
597 546
940 54
557 717
612 543
805 574
871 623
24 546
606 275
426 485
840 991
551 503
660 779
784 270
175 184
877 880
307 254
956 64
53 228
470 25
42 165
4 617
376 924
804 492
181 146
523 894
551 741
364 590
886 260
678 97
934 111
349 355
761 776
601 11
462 391
75 941
339 358
812 872
970 117
968 694
458 573
486 771
436 158
596 960
482 669
916 936
545 72
585 435
108 176
6 617
54 339
853 505
706 226
442 404
936 811
551 424
923 10
620 592
885 671
601 689
748 40
752 657
280 745
908 706
93 243
737 596
943 459
658 869
855 417
579 479
427 906
269 326
566 716
390 370
93 393
310 182
514 979
220 875
508 245
335 794
295 996
971 234
695 488
483 410
409 694
847 543
603 596
318 934
897 618
912 445
526 68
272 551
571 516
794 937
584 430
842 605
487 795
828 18
19 425
320 895
424 832
369 895
269 242
779 379
877 935
257 646
193 464
479 377
465 807
681 564
714 341
354 160
905 352
62 4
814 659
915 274
254 828
473 964
218 643
93 705
926 720
808 115
161 820
964 126
509 795
168 113
352 447
992 450
516 78
923 980
329 812
648 166
931 884
79 453
372 310
635 868
121 846
391 653
917 603
873 174
947 576
207 847
405 57
52 605
555 457
133 530
154 733
648 281
672 710
857 51
553 144
829 600
646 615
733 766
67 122
284 879
777 355
297 722
861 567
108 690
786 788
772 391
481 895
502 726
777 306
631 257
934 751
513 591
288 76
226 245
942 278
623 678
785 953
170 84
191 555
356 672
389 758
577 863
908 604
795 442
930 28
577 858
377 351
324 630
702 903
889 565
607 965
516 464
772 92
446 540
124 944
371 530
207 985
568 874
389 572
228 360
138 518
332 553
578 16
887 549
561 569
700 266
935 819
108 697
105 546
233 74
425 46
776 504
831 283
558 460
208 566
