707 632
943 774
94 429
523 298
510 206
529 585
696 47
464 169
700 330
46 926
533 684
902 34
140 175
983 713
294 828
40 717
698 598
939 208
314 693
395 301
942 202
844 313
949 854
458 487
995 888
922 156
354 311
327 982
635 692
673 780
710 496
720 120
72 569
599 377
98 941
695 388
319 376
863 653
244 856
271 485
578 454
953 931
598 993
206 175
352 219
154 34
435 956
129 90
575 714
314 443
148 6
102 150
967 458
857 129
850 107
76 182
283 242
108 979
186 976
60 78
222 82
652 331
24 557
139 32
843 776
244 199
313 871
800 380
487 271
207 120
98 630
186 981
842 713
930 459
54 671
935 777
885 381
930 563
179 266
344 726
381 353
826 399
557 268
760 821
490 518
982 473
119 824
14 124
625 313
283 403
196 183
637 717
950 916
218 864
368 725
598 126
775 12
715 970
119 374
474 410
925 698
127 70
596 658
965 496
267 841
374 51
243 259
478 145
505 819
865 456
358 514
531 82
351 118
323 872
858 70
444 236
29 803
330 228
905 476
845 743
393 36
854 498
276 667
55 357
562 574
678 954
729 469
846 704
354 615
528 946
654 751
10 926
713 391
407 682
524 442
846 878
450 307
359 958
69 291
941 175
131 806
297 10
477 312
872 964
763 682
269 23
942 321
366 215
387 295
800 136
695 430
31 744
862 546
618 672
627 397
352 652
493 850
905 896
46 575
876 215
853 290
461 76
908 244
47 66
544 956
463 615
160 267
568 92
242 650
554 266
465 882
800 248
90 927
18 660
722 120
810 373
522 592
55 688
334 187
77 472
36 1
430 688
232 957
556 630
292 482
666 954
662 860
398 983
637 214
127 613
363 806
266 313
528 369
237 824
991 830
465 784
503 203
895 952
555 311
415 1
298 21
740 54
256 915
646 391
181 553
93 601
112 491
642 913
355 440
838 813
468 462
420 446
413 497
138 841
490 403
518 637
307 188
366 715
299 395
699 605
905 399
983 854
277 676
849 715
977 512
135 336
805 599
122 365
487 835
65 902
893 215
241 750
709 314
25 152
869 300
136 623
35 356
551 938
822 661
715 374
714 244
35 620
308 515
857 70
596 936
7 166
60 487
503 297
425 597
763 756
123 377
915 88
454 205
337 107
730 112
174 159
244 38
992 715
943 55
962 145
57 15
922 240
709 80
747 99
934 259
906 35
36 493
652 485
576 404
83 417
930 246
951 87
239 641
790 915
69 20
469 192
945 708
892 797
718 156
387 512
933 144
772 477
848 346
96 740
779 668
225 910
568 120
265 925
179 135
602 653
428 162
47 943
278 133
500 745
351 6
610 366
990 457
321 36
449 864
483 804
178 305
283 15
218 697
13 744
185 992
477 384
787 104
311 245
411 928
368 432
381 257
439 131
501 693
220 204
871 63
96 34
350 867
819 355
164 858
373 886
825 275
615 389
616 52
999 72
267 581
712 178
201 122
990 284
629 401
833 280
58 656
543 696
825 549
504 664
766 216
790 197
542 207
588 894
934 986
214 266
591 937
791 177
383 470
265 109
356 454
766 39
879 644
638 827
558 610
454 747
994 325
445 544
703 811
193 138
212 102
463 398
449 379
162 329
287 533
707 8
713 300
827 764
245 119
788 641
932 854
854 578
357 778
140 783
329 774
823 76
914 214
213 641
687 538
922 261
519 736
625 824
675 689
868 367
722 76
173 73
160 248
174 454
73 523
388 579
70 957
4 848
848 886
376 762
116 680
872 15
997 566
987 547
621 261
449 795
985 580
694 123
20 606
382 533
580 911
969 80
511 379
154 601
982 756
301 877
867 176
908 444
364 77
174 327
962 80
14 713
216 394
128 667
609 485
432 210
960 907
390 59
947 240
214 15
946 468
361 263
271 91
531 524
978 134
422 918
914 227
868 4
700 938
230 289
388 745
670 446
291 579
4 641
415 258
860 391
767 369
317 372
750 211
920 777
170 65
760 772
218 707
155 252
901 252
40 668
47 468
846 657
40 402
320 948
339 25
133 812
189 370
453 808
370 930
425 12
997 294
750 691
185 325
68 16
71 957
177 442
247 136
791 759
413 50
302 42
531 878
882 314
765 895
254 859
34 748
622 818
668 299
666 991
326 49
189 946
373 693
553 93
745 765
401 311
33 391
489 340
838 105
580 114
556 807
639 933
881 284
627 329
471 640
54 494
487 137
956 904
267 219
589 232
338 569
465 743
818 249
268 93
727 567
235 433
806 199
585 860
192 565
392 812
425 749
750 311
129 605
992 295
945 154
251 754
739 158
449 71
569 322
307 140
667 818
389 463
20 39
866 552
763 296
260 934
804 435
12 636
765 679
845 722
362 110
378 438
229 140
202 396
333 994
503 54
765 380
666 658
166 499
68 741
450 627
219 725
882 382
901 666
998 771
502 522
761 3
923 820
149 299
304 349
314 727
504 139
688 779
102 589
784 29
456 621
919 376
22 351
744 300
311 323
371 61
261 388
645 799
695 991
299 369
967 185
869 935
607 810
687 883
767 203
5 850
470 547
523 980
310 928
501 435
729 837
672 712
829 122
727 272
886 943
828 620
317 90
778 52
969 919
839 612
356 252
870 217
144 839
244 438
769 242
311 820
209 707
567 752
947 313
186 163
785 676
729 399
41 383
979 229
774 519
35 572
534 327
512 739
396 338
715 785
742 893
380 197
191 459
728 652
862 872
648 597
790 368
573 587
720 920
747 864
726 409
734 56
368 136
697 93
877 416
701 235
385 820
381 319
216 366
763 262
76 918
596 969
549 837
700 515
223 897
76 546
410 370
500 855
718 387
942 793
35 3
626 810
391 27
30 330
224 831
695 351
556 181
361 311
554 986
752 660
435 506
297 856
452 530
241 760
2 202
654 347
216 785
453 612
635 356
682 551
242 317
961 541
773 678
608 563
304 245
133 269
100 463
758 599
862 852
481 581
218 850
506 860
880 681
870 866
67 419
391 405
822 501
178 118
229 478
338 46
122 342
226 498
552 375
914 74
869 53
411 656
466 585
233 295
131 42
482 369
676 232
981 958
690 19
593 598
897 508
661 556
22 160
980 336
605 106
853 466
592 609
120 482
134 9
785 584
51 181
790 153
509 427
811 843
351 597
756 49
58 739
793 597
624 730
936 84
632 904
669 505
512 395
413 60
766 530
523 80
281 383
628 300
363 399
631 162
20 851
945 430
261 19
963 84
197 171
539 405
99 284
338 407
152 704
497 71
70 508
450 903
484 417
146 346
193 605
439 153
909 4
314 720
714 112
191 431
347 251
900 510
215 392
154 401
209 638
129 804
450 758
984 574
639 793
108 903
503 349
66 729
75 255
101 76
476 91
972 519
159 299
617 744
949 881
795 434
853 353
213 890
676 486
657 654
823 927
158 884
446 518
186 964
691 377
976 389
972 874
854 765
843 699
733 655
668 518
349 936
359 566
581 806
279 544
573 916
499 593
615 349
102 678
282 894
512 658
679 777
516 260
706 671
769 169
471 142
129 501
101 703
666 143
553 783
204 732
775 155
795 333
455 113
256 914
797 537
867 716
99 951
745 797
308 572
557 761
438 992
880 929
109 777
27 791
170 627
261 291
915 115
756 664
835 647
125 458
202 391
317 870
405 810
87 904
944 134
753 377
872 573
70 847
651 14
173 949
130 510
607 361
874 205
970 720
604 146
316 900
679 499
102 769
616 207
754 489
916 272
986 526
578 813
492 247
138 413
203 567
716 38
990 129
61 868
710 154
439 783
546 581
939 172
96 919
942 596
552 27
510 351
28 726
938 396
560 752
591 747
369 899
502 557
61 669
545 282
816 167
187 825
523 175
338 613
689 126
18 917
117 487
39 946
63 95
272 679
755 943
38 309
973 246
722 500
826 273
245 316
883 507
506 439
326 642
456 443
359 124
46 427
150 456
356 355
156 349
180 71
982 967
86 777
219 1000
134 678
510 713
286 72
95 455
496 538
448 40
511 854
743 997
253 313
600 964
243 661
659 764
322 354
3 368
960 983
789 189
913 176
413 467
136 69
509 133
760 1
892 221
40 922
930 627
535 323
90 459
870 575
447 173
718 863
347 379
989 414
585 276
825 404
394 129
653 809
564 234
53 196
940 348
969 275
922 388
963 403
141 95
511 115
484 375
413 65
901 174
265 527
421 665
834 570
77 305
251 568
87 464
643 887
530 195
683 448
416 178
725 785
525 539
421 76
932 200
357 129
604 69
188 274
546 192
934 796
10 77
431 540
80 537
820 235
566 878
924 105
315 248
68 846
615 634
652 41
732 175
814 167
873 244
926 900
632 554
777 846
953 942
229 485
811 922
628 278
758 225
766 652
504 114
234 425
449 566
692 487
883 922
980 782
633 22
898 904
593 719
905 309
738 742
912 252
1 442
349 697
486 479
39 334
579 806
690 498
429 895
203 126
605 904
66 90
297 713
551 949
699 785
907 214
333 882
932 599
52 630
191 363
983 957
432 625
631 770
953 784
44 219
206 609
349 121
894 927
813 339
147 699
320 66
776 884
402 33
203 74
909 56
452 763
918 557
860 266
985 566
2 359
164 838
985 741
784 713
569 453
460 13
574 475
889 585
845 297
591 967
533 448
378 816
478 56
899 754
62 619
198 336
703 988
184 635
658 511
49 241
107 206
775 271
606 982
85 572
507 606
916 936
197 772
276 213
845 962
650 993
354 44
426 477
362 135
527 732
865 878
237 198
141 188
26 449
36 948
35 537
375 104
432 933
735 96
428 986
668 661
690 369
453 136
27 400
262 602
704 433
438 538
604 196
659 988
56 596
448 393
825 109
92 699
185 438
962 840
663 174
445 178
53 544
187 66
116 718
745 858
208 879
993 43
327 847
181 505
819 659
968 40
1000 454
316 535
337 180
846 366
677 295
385 235
741 585
146 745
690 427
623 883
180 271
451 29
809 143
65 488
350 691
93 161
581 925
281 44
784 144
491 60
960 383
18 202
330 527
900 557
364 252
370 43
698 866
666 820
140 922
926 576
36 680
188 84
757 728
469 673
843 639
369 525
147 553
889 185
105 396
401 384
804 893
333 706
597 596
82 40
802 69
108 532
99 28
781 25
19 407
569 564
769 743
2 15
842 307
214 204
172 682
344 954
612 205
480 132
259 462
16 950
864 266
359 640
752 555
838 174
932 689
562 157
475 33
869 592
499 156
190 545
631 242
108 433
799 663
248 284
997 51
147 713
209 842
852 598
617 409
444 687
941 277
246 856
87 497
417 24
315 197
489 516
831 139
326 970
294 405
917 52
626 803
582 278
717 257
500 521
871 117
163 878
696 793
639 578
504 259
844 189
725 91
921 892
800 841
5 818
115 577
473 58
894 40
536 652
797 745
346 20
603 580
900 326
745 332
524 120
632 722
618 188
394 935
108 221
390 273
525 916
75 781
47 597
547 726
853 803
662 804
719 742
308 983
272 953
100 422
873 444
278 312
26 353
670 754
191 246
235 684
424 244
382 144
823 440
797 927
854 861
947 669
304 94
683 615
438 126
79 5
40 391
962 731
835 18
356 32
492 951
451 314
406 30
517 865
747 876
381 15
367 562
919 835
598 73
179 594
65 589
480 577
905 663
258 883
432 667
573 1
467 27
344 382
179 735
236 949
413 866
683 10
838 156
770 351
961 857
89 718
177 459
399 709
453 739
407 245
902 424
481 658
813 67
31 156
98 435
246 465
822 943
464 918
655 334
422 416
559 31
932 474
751 856
903 286
325 581
86 992
718 128
530 338
164 15
883 485
312 832
760 261
439 508
358 52
154 474
299 403
473 895
440 280
820 571
472 135
731 585
721 378
818 450
612 676
416 269
265 593
753 875
121 810
111 19
422 905
118 988
668 770
436 171
248 304
523 545
524 37
726 997
750 2
573 881
44 213
799 940
700 681
860 536
279 628
331 450
558 755
690 290
793 494
463 195
759 54
292 365
213 114
728 365
10 277
846 949
970 917
562 421
844 230
172 840
429 477
412 801
573 635
223 714
99 164
