65 62
256 30 656 54 331 295 778 769 747 551 680 368 204 121 270 341 445 110 764 191 894 514 210 962 681 912 530 285 835 284 442 908 725 118 350 538 46 146 520 627 451 932 383 788 937 712 149 264 597 186 628 996 645 485 598 669 36 792 835 130 409 654 87 174 677 
A 5 7
C 34
A 30 59
A 35 4
C 36
A 38 25
A 2 8
C 34
C 55
C 64
A 52 24
A 26 17
C 45
A 43 64
C 5
C 55
C 17
C 49
A 1 36
A 34 24
A 35 15
C 50
C 6
C 53
A 50 7
C 13
C 44
A 54 26
C 61
A 23 39
C 57
C 23
A 50 23
C 23
C 10
A 13 35
C 60
A 46 41
A 24 3
A 57 59
A 45 23
A 2 56
A 50 64
A 25 44
A 32 59
A 30 1
C 55
C 63
C 64
C 6
C 15
A 18 42
C 40
A 9 10
A 63 13
C 52
C 16
A 45 23
A 23 44
A 16 43
A 34 55
C 51
