447 503 -97823 29696
1 54 24
2 352 349
1 336 808
2 246 280
2 60 511
2 29 584
1 104 668
2 114 106
2 354 595
1 254 947
2 2 831
1 119 314
1 137 392
1 419 402
1 389 391
2 433 44
1 189 996
2 253 878
1 364 463
1 253 233
1 141 935
2 183 846
2 244 36
1 44 619
1 254 4
2 13 618
2 49 240
2 238 444
2 176 770
1 341 962
1 335 333
1 9 199
2 304 462
2 40 45
2 212 237
1 44 612
1 117 639
1 307 102
1 10 154
2 433 239
1 433 159
2 131 163
1 60 768
1 172 816
1 219 924
1 256 953
2 183 948
1 293 960
2 176 591
1 65 744
1 87 910
2 338 998
2 132 440
2 5 86
1 438 791
2 31 328
1 269 380
2 436 784
1 73 130
1 137 820
2 259 139
2 195 767
1 1 905
1 11 382
2 270 700
1 420 91
1 188 493
1 366 856
2 376 620
1 386 246
2 420 178
1 289 788
2 74 419
1 287 809
1 187 880
2 237 958
2 434 725
1 390 68
2 343 549
2 128 169
2 357 529
2 134 739
2 446 923
2 212 839
1 331 270
2 367 600
1 90 114
1 309 267
2 137 9
2 274 650
1 246 34
1 298 176
2 180 346
2 158 738
1 14 383
2 300 519
2 396 14
2 430 761
1 121 373
1 308 564
2 32 99
2 87 765
1 309 179
2 239 340
1 302 418
1 88 138
2 272 933
2 72 954
1 265 898
2 154 942
1 55 702
2 428 929
1 340 134
2 445 31
1 298 344
1 166 884
1 68 902
2 44 372
2 270 945
1 388 588
2 201 417
2 266 808
1 273 719
2 130 470
2 105 536
1 251 389
1 371 816
2 204 868
2 101 563
1 76 272
1 65 556
2 415 273
1 297 81
2 290 351
1 1 700
1 77 72
1 140 361
1 401 240
2 121 575
1 105 176
1 98 203
1 19 605
1 1 723
1 150 565
1 160 191
1 385 473
2 295 218
2 42 664
2 403 280
2 407 743
1 9 690
2 59 682
1 371 228
2 84 203
1 187 458
2 127 702
1 6 133
1 86 462
2 110 555
1 317 389
1 157 812
2 272 646
1 41 138
2 417 790
2 4 768
1 318 462
2 433 57
2 104 673
2 113 208
1 351 726
1 394 929
2 149 426
2 49 763
2 390 673
2 372 691
1 20 44
2 257 146
2 358 562
2 30 334
1 257 379
1 226 448
1 321 138
2 124 26
1 258 556
1 241 208
2 282 494
1 27 272
1 365 958
2 178 325
2 32 704
1 67 667
2 156 742
2 309 914
1 273 240
1 440 18
1 14 19
2 166 63
2 132 1
1 162 432
1 298 769
2 220 559
2 191 878
2 325 973
2 250 393
1 350 803
1 191 471
1 48 866
2 279 682
2 145 211
2 219 402
1 445 889
2 129 283
2 370 30
1 95 313
1 270 123
1 176 782
2 26 360
1 152 457
1 368 700
1 211 150
1 374 848
2 115 788
2 68 640
1 245 78
2 71 94
1 151 829
2 177 175
1 259 798
1 287 60
2 125 744
1 157 275
1 299 535
2 45 590
1 163 31
2 249 279
1 410 303
2 348 885
1 343 788
1 423 818
2 158 806
2 165 346
2 356 191
1 345 198
2 146 325
1 70 516
2 441 844
2 67 482
1 313 721
2 42 17
1 294 506
2 315 944
2 287 965
1 145 338
2 124 865
2 71 942
1 325 276
1 156 988
2 104 700
1 104 447
2 86 457
1 362 974
2 76 535
2 28 856
2 392 285
2 263 679
2 97 669
2 204 651
2 237 426
1 382 909
2 265 754
1 4 922
1 241 887
1 355 293
2 16 698
2 227 230
1 57 69
2 406 811
2 27 998
2 302 555
1 133 403
2 2 683
1 242 932
1 373 94
1 314 771
2 115 494
2 398 556
2 30 448
2 275 571
1 262 384
2 184 125
2 215 854
2 41 300
1 64 234
2 423 609
1 297 814
2 244 471
2 19 189
2 278 123
2 434 969
2 239 281
1 374 809
2 48 180
2 57 775
1 166 753
2 339 792
2 171 41
1 436 391
2 214 888
1 332 608
1 84 356
1 146 944
2 366 408
2 410 713
2 404 446
1 298 959
1 429 163
1 320 657
2 362 627
1 251 522
2 304 719
2 313 971
2 276 869
1 346 231
1 70 44
1 210 925
2 274 252
2 40 721
1 97 608
2 386 396
1 414 401
1 321 806
2 50 516
1 234 462
2 379 41
1 6 968
2 105 762
1 338 805
2 176 769
1 388 197
2 296 665
1 392 674
1 386 851
1 282 458
1 245 352
2 133 438
2 338 996
2 345 113
2 238 779
1 308 778
2 438 449
1 8 17
2 247 132
1 320 965
2 139 517
2 217 853
1 272 758
2 267 1
1 234 874
1 128 908
2 193 680
1 320 894
2 88 444
2 421 393
2 136 466
2 70 952
1 387 427
2 74 784
2 282 202
2 94 967
2 161 29
1 382 327
2 41 853
2 320 587
1 233 409
2 322 918
1 163 569
2 200 448
1 14 229
1 375 126
2 311 621
2 321 474
2 62 286
1 106 780
1 314 853
2 30 70
2 310 426
1 294 237
1 272 585
2 242 686
2 261 548
2 225 813
2 366 508
2 30 267
1 184 561
1 86 300
2 139 366
1 386 695
1 156 552
1 80 209
2 213 324
1 156 927
2 258 859
1 136 10
2 236 802
1 256 964
1 304 392
1 167 195
2 7 244
1 242 24
2 444 795
1 19 124
2 75 763
1 317 376
1 68 387
2 322 187
1 374 301
1 272 672
1 248 103
1 51 428
2 246 655
2 254 293
2 176 357
2 45 409
1 2 695
1 208 464
2 239 220
1 414 902
2 27 261
1 269 178
2 140 597
1 236 756
2 317 258
2 436 793
1 412 580
2 282 718
1 31 152
2 184 354
2 112 407
1 144 202
1 433 942
1 418 567
2 316 333
2 308 602
2 59 509
2 220 200
1 35 577
2 225 826
2 353 807
2 427 474
1 276 356
2 424 699
2 162 45
2 60 733
2 68 859
1 343 61
1 111 401
2 387 880
2 144 247
1 431 216
1 374 23
1 192 356
2 225 276
2 79 210
1 337 870
1 156 302
1 136 183
1 329 651
1 304 672
1 96 647
1 55 492
2 30 968
2 354 299
1 66 736
1 104 461
2 217 922
2 248 910
1 101 128
1 272 92
2 218 705
1 293 756
1 440 383
2 407 406
2 151 367
2 438 234
2 67 975
2 312 862
1 38 472
1 307 14
2 9 538
1 126 296
1 2 870
1 250 836
2 68 139
2 8 871
1 133 739
2 238 983
2 255 331
1 388 290
1 43 349
1 126 413
2 247 646
1 430 147
1 445 671
