127 861 -21819 86943
1 70 645
2 62 425
2 43 609
2 13 173
1 109 859
2 57 101
1 73 671
1 63 294
2 102 986
1 28 826
1 36 651
2 85 740
2 55 827
1 61 789
2 5 539
1 81 104
1 30 208
2 71 795
2 60 984
2 56 449
2 36 623
1 51 39
1 41 641
2 77 863
1 72 803
2 45 882
1 102 549
1 29 501
2 21 360
1 73 153
2 51 320
1 89 554
1 17 321
2 48 64
1 92 498
1 119 531
1 82 712
1 19 23
2 101 326
2 97 354
1 31 607
1 110 868
1 29 570
2 124 116
1 55 876
1 114 126
1 19 777
2 109 547
1 85 428
1 57 880
1 78 800
1 62 874
2 25 633
1 15 176
1 31 805
1 66 274
2 47 33
2 106 22
2 1 632
1 116 635
1 71 431
1 36 872
2 101 829
1 83 873
1 80 212
2 96 288
1 37 453
1 41 713
1 110 68
2 10 430
1 25 311
1 6 375
1 7 734
2 109 449
1 32 177
1 25 278
1 68 322
1 113 947
2 52 191
2 102 541
2 112 274
1 81 24
2 103 814
2 60 338
1 10 40
2 107 530
2 57 697
2 104 865
1 52 790
1 7 304
1 56 825
1 26 558
2 107 318
1 2 599
1 35 987
2 63 45
2 73 940
2 97 66
1 50 267
2 36 729
1 86 498
1 55 621
1 9 985
2 59 127
2 123 704
2 9 358
1 29 978
2 12 150
1 127 849
2 94 6
1 43 655
1 35 536
2 31 606
1 79 234
2 17 385
2 86 317
2 94 731
2 57 194
1 77 773
2 106 991
2 114 933
1 80 80
1 106 641
2 42 122
2 79 741
1 23 424
1 65 753
2 32 713
1 102 31
1 61 759
2 22 58
1 61 374
2 13 348
2 43 22
2 79 688
2 69 773
2 22 877
1 83 530
1 62 873
2 118 87
1 3 600
2 39 540
1 98 424
1 93 94
1 117 600
2 117 414
1 43 772
2 117 106
2 103 763
1 93 774
1 64 757
1 12 266
2 23 151
2 108 522
2 46 582
1 61 579
1 45 532
2 41 375
2 34 674
2 14 35
1 126 527
2 97 0
2 12 852
2 40 273
1 10 422
2 105 254
1 40 367
2 31 712
2 84 774
2 93 494
2 113 698
1 79 86
1 30 432
2 58 939
1 59 556
2 119 217
2 93 627
2 6 770
1 23 153
1 122 138
1 28 909
1 22 342
2 39 170
1 32 646
2 104 8
2 84 364
1 113 46
2 56 990
1 113 239
1 33 650
1 78 400
1 19 446
2 115 60
2 100 924
1 11 707
1 31 605
1 88 281
1 80 186
2 89 189
1 14 778
2 126 852
2 127 843
2 51 364
1 118 348
1 69 625
2 78 773
2 14 22
1 116 628
1 118 244
2 74 601
1 41 470
1 60 564
1 52 97
1 27 150
2 126 120
2 17 507
2 54 504
1 8 147
2 101 175
1 44 924
1 87 937
1 76 742
2 30 720
1 123 44
1 104 916
2 54 145
2 45 880
1 6 763
1 10 986
1 26 957
1 44 910
2 97 959
2 6 997
1 61 160
2 86 891
1 52 459
2 7 846
2 120 282
1 15 149
1 19 72
2 19 204
1 71 610
2 23 408
2 31 566
2 127 390
2 31 168
1 95 889
1 70 783
1 57 707
2 40 768
1 116 75
1 39 195
1 8 249
1 41 551
2 21 848
1 117 530
1 125 968
2 83 145
1 108 622
2 89 193
2 100 314
1 62 773
1 42 293
2 18 170
2 118 905
1 67 614
1 75 735
1 37 911
2 22 754
2 54 949
1 73 589
2 89 268
2 13 35
1 120 312
1 30 451
1 121 454
1 3 807
1 48 453
2 22 632
1 113 402
1 96 907
1 53 584
2 80 749
2 110 717
1 82 273
2 113 688
2 23 99
2 69 483
1 68 746
2 74 318
1 98 250
1 57 478
1 78 129
1 50 137
1 124 529
2 5 879
2 116 419
2 85 746
2 35 328
1 60 255
1 124 384
2 82 65
2 123 416
1 29 161
2 28 227
1 77 136
1 126 118
2 48 598
2 45 377
2 123 334
1 121 707
2 1 652
1 42 658
1 69 708
2 65 569
2 66 516
2 51 697
2 72 341
2 1 79
1 7 528
1 71 929
2 43 471
1 114 603
2 45 205
1 94 207
2 108 393
1 29 904
1 126 962
1 53 425
1 12 156
1 36 81
2 21 237
1 37 906
2 81 55
2 85 527
1 12 553
2 12 706
1 1 930
1 73 29
1 11 18
2 100 365
1 114 833
2 88 648
2 69 781
1 72 649
1 90 56
2 54 235
1 125 211
1 87 950
2 9 932
2 93 765
1 32 157
1 6 666
1 104 489
1 75 699
1 105 237
1 127 673
2 14 598
1 55 384
1 119 520
2 113 811
2 110 18
1 109 274
1 55 203
1 117 693
1 34 294
2 84 752
2 35 589
1 81 326
1 10 808
1 87 5
2 36 884
2 21 726
1 6 708
2 24 7
1 3 94
1 1 956
2 34 788
2 3 950
2 38 385
1 125 860
1 59 21
1 84 233
2 51 739
1 64 244
1 72 91
1 14 161
1 91 852
1 91 169
1 14 613
1 35 734
2 51 445
2 47 127
2 107 253
1 117 988
2 27 385
1 125 619
2 7 95
1 59 163
2 127 980
1 117 302
2 32 790
1 94 562
2 95 195
1 87 599
1 118 967
2 98 113
2 83 965
1 55 734
2 29 958
1 45 467
1 83 532
1 56 657
2 16 167
2 102 274
1 9 47
1 2 4
2 81 312
1 91 407
2 83 105
2 12 954
1 82 222
1 83 222
1 30 721
2 60 901
1 6 176
2 7 876
1 13 393
1 87 601
1 50 865
1 23 252
1 98 216
2 35 193
2 110 662
2 71 365
1 53 42
2 10 532
1 99 740
2 32 5
1 7 120
2 107 902
1 21 505
2 59 623
2 118 466
1 79 251
2 121 518
2 103 499
1 23 571
1 53 242
1 66 811
2 32 255
1 23 76
1 17 963
1 22 573
2 99 782
1 63 59
1 63 345
1 51 28
1 100 51
2 17 704
2 48 673
2 14 768
1 50 22
2 51 555
2 20 189
1 50 949
1 35 886
1 15 363
1 71 347
1 31 985
2 124 206
1 2 902
1 16 716
1 116 316
2 104 557
2 90 9
2 63 294
2 69 603
1 49 653
1 118 677
1 114 600
2 18 767
2 42 190
2 60 752
2 120 694
2 125 403
2 50 928
1 69 23
1 63 843
1 108 703
2 5 443
2 38 593
1 72 931
1 75 56
1 61 991
2 42 529
2 55 162
1 24 938
1 98 48
2 36 883
1 25 486
1 85 332
2 35 580
2 2 64
2 69 109
1 19 628
1 80 456
1 88 615
1 81 250
1 2 794
2 40 40
2 77 49
2 29 823
1 90 175
1 71 692
1 101 692
1 119 25
1 16 250
2 104 524
1 21 995
2 120 967
1 59 953
2 9 61
2 55 901
1 120 322
1 16 564
2 79 255
2 39 850
2 97 368
1 64 257
2 125 658
2 49 682
1 126 17
2 80 504
2 2 12
2 28 815
2 11 671
2 45 280
2 35 580
2 9 30
1 24 12
2 67 108
2 21 874
1 47 684
2 99 356
1 41 354
1 65 807
2 56 191
1 98 302
2 108 273
2 40 932
2 55 658
2 84 314
2 119 905
1 41 685
1 49 900
1 50 877
2 63 411
1 114 173
1 126 105
2 58 410
1 102 189
2 4 726
2 74 88
2 82 925
1 62 351
1 15 256
1 88 134
2 46 463
1 17 172
1 17 863
1 122 253
1 12 519
2 23 936
2 109 455
2 35 350
2 29 303
1 11 996
2 64 400
2 44 556
2 126 826
2 5 30
2 60 824
1 93 415
2 62 642
1 33 643
1 34 932
1 80 630
1 85 708
1 19 799
2 65 886
2 68 853
1 104 816
1 13 992
1 58 195
2 92 373
2 62 808
2 39 423
2 30 830
2 17 338
1 26 568
1 96 329
1 102 761
1 112 991
1 17 540
2 23 781
2 27 148
1 74 776
1 93 735
1 101 689
1 30 459
2 5 707
2 17 631
1 11 976
2 127 944
2 19 879
2 41 569
1 44 781
2 82 335
1 74 470
1 113 98
2 14 208
1 64 343
1 60 990
2 33 172
2 42 591
2 28 13
1 14 367
1 118 52
2 77 316
2 67 580
1 79 586
1 34 424
1 84 406
2 6 698
2 92 418
1 5 103
2 126 930
1 78 818
2 106 650
1 105 492
1 4 164
2 4 836
1 84 187
2 77 487
1 93 218
2 110 692
2 91 566
1 50 985
2 17 342
2 87 3
2 38 477
2 53 413
1 58 407
2 99 818
2 60 517
2 47 898
2 29 724
2 58 919
1 124 135
1 117 934
2 94 589
1 19 343
1 28 947
1 55 955
2 16 352
1 7 286
2 24 526
2 109 4
2 95 94
1 75 391
2 14 352
2 79 841
1 25 922
2 70 822
1 38 705
1 92 456
2 54 308
2 111 930
1 41 888
1 39 575
1 106 500
2 3 696
1 118 32
2 24 945
1 116 42
2 42 960
2 77 483
1 6 573
2 41 761
2 5 798
1 97 731
2 64 552
2 122 983
1 2 773
2 92 841
2 113 650
2 19 833
1 86 606
2 3 949
1 48 345
2 52 68
2 29 862
1 96 378
1 122 294
2 55 616
1 34 123
2 80 479
1 41 227
2 1 605
2 23 287
1 77 12
1 50 762
1 98 343
1 69 951
1 88 476
2 41 151
2 13 588
2 79 219
1 117 444
1 36 275
1 38 363
1 111 584
1 36 333
1 5 172
2 27 864
1 96 755
2 92 287
1 50 130
1 48 811
1 48 95
2 8 241
2 28 663
1 100 509
1 52 76
1 23 675
1 48 961
2 61 610
1 49 169
2 23 533
2 37 90
2 34 470
2 26 911
1 68 268
1 73 472
1 26 551
1 93 518
2 30 915
2 92 517
2 35 182
2 126 97
2 50 464
2 86 968
2 30 188
1 63 388
2 10 2
1 120 129
1 77 178
2 91 49
2 91 553
1 18 776
2 27 727
2 81 482
1 107 312
2 41 711
2 115 997
2 87 300
2 95 996
2 76 917
2 110 76
1 91 224
2 42 754
1 52 390
1 32 911
2 118 993
1 31 43
1 23 52
1 34 634
1 85 252
1 74 968
2 115 839
1 27 793
1 6 712
1 66 962
1 60 769
2 104 845
1 102 186
2 82 681
2 40 211
1 70 786
1 32 435
2 52 348
2 75 112
1 50 613
2 53 546
2 69 555
2 25 495
2 109 235
2 80 103
1 120 966
2 116 667
1 119 999
1 71 902
2 64 561
1 63 454
1 51 373
1 116 590
1 41 33
1 46 866
2 41 953
1 55 975
1 71 547
1 91 325
1 97 349
1 101 367
1 7 271
2 88 610
1 24 30
2 105 284
2 89 873
1 67 987
1 34 743
2 52 714
2 116 262
2 75 652
1 116 704
2 68 243
1 19 882
2 127 849
2 117 126
2 101 570
1 106 683
2 16 802
2 35 657
2 106 676
1 33 758
2 54 294
1 55 577
2 4 241
2 92 22
2 60 469
1 102 646
2 41 475
2 91 600
2 23 459
1 61 649
1 10 659
2 119 841
2 38 26
2 109 230
1 89 303
2 47 38
2 116 419
2 77 370
2 108 491
1 118 383
2 40 15
2 47 867
1 29 629
2 93 933
1 18 794
