187 558 -19331 99479
2 111 1
1 165 756
2 129 268
2 80 558
1 97 647
2 78 398
1 33 131
1 29 189
2 120 829
1 97 703
1 122 864
2 168 762
1 137 174
1 172 255
2 31 558
2 109 234
2 159 858
1 92 765
1 164 498
2 172 502
2 71 759
1 143 115
1 95 99
2 151 116
1 170 55
2 50 889
1 58 860
2 49 302
1 126 323
2 181 374
1 185 840
1 121 284
1 153 708
1 80 447
2 57 165
2 120 938
1 162 894
1 74 650
2 92 997
2 187 431
1 149 171
2 54 677
1 59 671
1 61 605
2 164 287
1 157 906
2 72 981
2 27 452
1 123 1000
1 87 396
2 87 281
1 150 354
2 138 805
1 68 565
1 187 30
2 181 705
2 108 306
1 137 177
2 142 581
2 15 622
1 158 371
1 175 896
1 100 947
2 59 141
2 111 516
2 60 388
1 52 616
2 11 153
1 25 810
2 92 217
1 14 527
2 142 816
1 52 195
1 186 795
1 67 627
2 174 646
1 62 369
2 91 230
1 143 402
2 61 766
2 61 585
1 169 192
1 16 301
1 42 882
2 3 772
1 61 143
1 147 141
2 18 565
1 65 467
2 38 949
1 180 535
1 8 950
2 152 629
2 19 703
2 46 192
1 44 971
2 142 700
1 151 139
2 12 490
2 57 275
1 33 549
2 97 165
1 116 369
2 34 420
2 178 929
1 105 745
1 106 268
1 68 406
2 167 718
1 59 838
1 175 851
1 151 790
2 4 725
2 9 115
1 128 706
2 178 776
1 40 433
1 49 796
1 92 127
2 160 514
2 91 834
1 183 374
1 96 476
2 170 798
1 137 620
1 173 690
1 28 23
1 127 162
1 71 675
2 152 356
1 16 347
2 131 925
2 113 127
2 164 667
2 5 237
1 91 103
1 157 513
1 36 842
2 89 100
1 158 400
2 113 10
1 26 853
2 131 160
2 55 699
2 108 143
2 107 264
2 3 621
1 85 37
2 133 785
2 149 657
2 156 881
1 115 817
1 119 296
1 34 393
1 52 783
1 8 762
2 43 294
2 40 40
1 44 56
1 156 823
1 121 149
2 172 984
2 7 39
1 66 53
1 69 442
1 73 636
2 104 123
1 53 854
2 155 892
2 36 79
1 28 329
1 75 640
1 53 305
2 45 550
1 167 81
1 35 986
2 22 765
1 96 502
1 136 18
1 11 12
2 101 299
2 131 459
2 20 997
2 31 83
2 83 379
1 148 812
1 187 318
2 85 960
1 83 343
2 95 19
2 179 546
1 42 249
2 69 674
1 59 42
1 105 901
1 86 361
1 59 371
1 159 553
1 144 441
1 66 840
1 115 808
1 102 58
2 96 363
2 120 471
1 66 277
2 130 245
1 156 808
2 98 758
2 186 956
2 70 728
1 118 293
2 172 365
2 163 634
2 66 438
1 165 808
1 178 269
1 89 49
1 180 23
2 93 769
2 125 978
2 118 952
2 111 516
1 91 728
1 164 28
2 144 347
2 87 349
2 83 4
1 155 959
1 11 619
2 43 205
2 28 822
1 89 2
1 75 540
1 80 602
1 156 938
1 22 41
1 69 861
1 49 845
1 94 101
2 53 708
2 134 825
2 149 755
1 67 703
2 49 496
2 38 650
2 29 773
2 104 573
2 153 963
2 68 922
1 140 231
1 181 585
1 35 617
1 23 683
1 108 936
2 151 685
2 126 790
2 145 197
1 48 825
2 152 706
2 23 535
2 159 964
1 6 673
2 169 804
1 93 906
2 173 303
2 9 289
1 169 679
2 138 612
1 124 445
1 183 694
2 38 332
2 65 756
1 32 222
2 10 632
1 71 82
2 4 21
1 181 347
2 131 145
1 121 951
1 134 960
1 180 36
2 21 683
1 131 754
1 15 435
2 140 615
2 170 292
1 28 23
2 65 17
1 86 158
1 163 711
1 124 938
1 163 748
1 134 676
2 47 900
1 42 37
2 97 359
2 128 561
2 121 570
2 187 642
2 22 759
1 181 717
2 32 486
2 83 248
1 30 394
1 42 122
2 113 649
2 157 771
1 57 369
2 185 345
2 54 727
1 33 161
1 2 858
1 104 453
1 28 88
1 178 193
2 3 867
2 69 930
2 134 876
1 40 253
1 35 945
1 41 310
2 14 248
1 99 919
2 143 872
2 81 451
1 13 677
1 168 701
2 11 678
2 2 586
2 104 901
2 174 660
1 9 824
2 174 890
1 111 1
2 171 643
2 30 82
2 69 543
2 162 326
2 51 727
1 171 581
1 83 304
1 101 391
1 43 151
1 65 525
2 173 136
1 142 446
2 80 632
1 180 796
1 84 523
2 63 196
2 9 118
1 120 0
1 24 562
2 130 640
1 39 402
1 76 248
2 77 260
1 61 305
2 65 262
2 116 407
1 72 549
1 8 271
2 113 175
1 26 175
1 155 645
2 105 206
2 163 71
2 58 615
1 87 148
1 82 490
2 111 94
2 99 792
2 45 816
2 71 588
2 33 827
1 171 142
2 182 598
2 174 612
1 15 250
2 70 231
2 119 311
1 91 789
2 10 909
1 159 60
2 140 608
1 113 225
2 105 267
2 71 662
2 30 492
1 139 770
2 5 28
1 6 200
2 71 119
2 144 873
2 65 540
2 26 274
2 122 972
2 147 826
1 99 310
2 98 843
1 106 504
1 51 549
1 72 367
2 48 490
1 110 770
1 101 168
2 127 28
2 6 681
2 119 237
2 113 34
2 52 755
1 70 6
1 150 234
2 93 929
1 105 89
1 171 733
1 142 127
2 104 553
2 55 210
2 88 426
2 36 460
1 146 502
2 43 225
1 159 955
1 185 977
2 129 306
2 39 872
1 79 512
1 4 199
2 1 201
2 32 199
2 179 938
2 63 839
1 26 878
2 34 206
1 124 165
1 136 144
1 181 124
1 138 341
1 63 110
2 54 263
1 12 525
2 21 747
2 163 798
1 73 488
2 44 511
2 144 432
2 158 625
1 113 785
2 32 231
1 34 381
2 165 113
2 167 207
1 104 703
2 59 286
2 12 140
1 145 347
1 107 673
2 96 396
2 180 653
2 38 775
2 46 346
2 167 521
1 39 233
2 153 450
2 135 381
1 162 902
1 186 59
1 16 157
2 95 312
2 146 923
1 18 735
1 117 269
1 71 683
2 20 572
2 150 800
2 33 130
1 159 740
2 93 445
1 20 44
1 142 480
1 128 803
2 116 777
1 170 563
1 58 298
2 123 415
1 61 397
2 156 713
2 171 857
2 14 420
2 74 629
2 18 133
2 161 479
1 87 125
1 160 803
1 35 825
2 109 194
1 132 165
1 148 703
2 122 527
2 113 299
2 10 115
2 97 948
1 49 918
1 162 694
2 95 719
1 115 570
2 101 363
1 137 563
2 71 189
1 60 939
2 61 293
1 146 403
1 103 71
1 126 735
1 181 979
2 73 150
1 5 862
2 37 974
1 91 28
2 57 323
1 179 84
2 140 752
1 8 693
1 99 965
2 27 545
2 23 946
2 170 239
1 27 879
2 149 932
1 26 712
1 167 293
2 106 638
2 44 357
2 85 37
1 20 801
1 72 276
2 133 48
2 99 634
1 63 34
2 187 266
1 186 902
2 185 764
1 145 810
1 105 391
2 14 904
1 120 910
2 107 890
1 173 476
1 116 438
1 31 841
2 124 21
1 37 251
2 115 145
1 185 718
1 180 623
1 98 415
1 125 531
