699 597
449 843
335 953
611 518
617 459
64 80
881 512
822 639
994 789
937 670
201 479
622 423
602 334
385 859
379 269
820 239
63 707
334 139
292 476
602 606
685 792
506 406
536 892
194 395
571 415
824 276
448 50
186 173
174 403
397 534
908 61
906 179
737 338
759 798
2 551
590 337
599 684
273 189
858 284
932 425
187 511
105 771
451 908
320 214
202 912
919 595
172 830
33 351
240 18
990 786
140 278
823 747
698 801
736 712
501 665
925 822
892 459
768 764
454 48
175 991
922 106
473 614
57 604
519 431
656 496
779 278
321 531
744 607
73 955
11 512
861 932
686 130
245 59
220 166
879 988
839 934
587 780
371 348
148 420
810 74
746 537
490 98
524 716
572 643
674 741
512 765
22 330
199 32
106 456
60 348
425 364
567 408
968 987
35 519
940 416
477 342
566 333
593 667
473 62
195 142
553 506
868 481
339 311
406 327
7 213
808 851
176 815
927 905
207 752
257 240
909 655
959 766
203 251
865 590
504 768
545 396
489 243
612 598
418 589
441 65
236 909
387 81
416 590
903 841
179 405
400 587
59 803
583 514
911 235
497 656
230 497
682 307
763 720
429 750
378 248
128 915
73 560
524 728
16 696
910 271
690 562
689 628
189 910
747 923
589 901
464 751
415 713
793 850
952 754
26 262
222 6
219 970
278 673
174 149
816 380
924 19
407 54
367 633
117 442
879 610
611 907
193 232
518 247
133 262
446 127
189 400
84 537
214 687
176 76
309 133
303 339
685 877
540 805
773 886
78 732
952 593
603 415
810 190
889 89
494 541
84 286
668 378
346 855
903 180
727 512
956 181
290 740
557 290
104 880
77 159
295 499
749 309
477 857
977 191
723 372
286 603
672 451
264 532
776 925
73 569
766 491
144 635
168 228
404 304
941 896
102 221
147 421
918 78
175 978
103 676
314 184
550 688
809 287
884 263
141 275
634 542
820 319
853 998
675 695
624 706
813 869
440 37
158 5
405 892
178 264
584 217
48 65
146 175
724 823
29 506
514 931
762 887
695 461
800 457
545 22
699 60
661 546
868 33
999 709
243 309
736 738
643 126
664 396
187 334
707 369
744 215
227 760
431 777
246 544
908 490
848 893
621 126
612 806
260 463
474 789
255 720
56 889
485 207
283 211
391 678
859 719
392 343
342 535
223 444
625 651
407 261
349 473
84 45
426 385
192 120
742 138
554 242
251 335
802 102
530 95
742 318
485 250
22 871
166 479
555 266
884 951
758 119
883 30
820 871
740 516
837 560
61 69
711 722
829 414
391 700
61 313
912 371
766 689
517 668
595 425
798 181
866 292
955 902
228 110
256 769
63 651
421 563
26 959
17 545
338 886
657 379
337 604
460 265
612 133
717 89
504 633
846 708
652 778
446 315
135 141
9 480
142 510
175 469
191 511
778 605
780 281
262 568
37 499
187 941
34 108
890 663
250 506
766 802
153 168
493 73
484 690
730 474
756 66
873 820
165 215
960 59
436 469
331 698
413 594
733 69
500 502
797 961
202 513
563 758
162 52
475 106
282 759
243 472
938 873
838 874
750 946
493 976
308 702
914 273
141 744
688 663
255 797
755 677
13 350
191 830
873 20
69 27
614 37
246 128
863 60
167 114
602 787
610 239
34 492
801 223
661 289
971 165
190 937
642 238
315 489
522 131
693 48
445 729
841 911
700 126
633 821
392 194
974 555
81 890
738 420
871 973
908 231
866 919
326 785
646 90
975 581
125 187
792 783
302 161
460 8
879 282
67 623
434 908
581 632
86 43
248 700
674 245
967 940
590 429
701 735
106 974
184 448
589 194
119 155
231 363
858 966
758 509
168 67
194 633
262 573
43 230
340 548
657 219
836 500
359 963
962 136
983 98
935 248
151 874
377 880
766 609
201 84
545 980
760 594
379 991
894 833
315 778
869 120
838 59
612 245
275 295
67 586
525 378
999 263
104 84
279 750
851 662
850 770
570 508
683 659
260 628
202 96
833 922
663 130
720 212
515 495
180 230
965 498
924 936
604 855
438 518
864 889
645 450
775 492
246 863
202 390
184 511
824 902
357 222
678 503
757 526
675 651
516 174
879 534
883 723
125 255
166 444
746 380
639 603
597 819
669 436
556 665
168 522
871 362
582 403
790 66
785 77
196 739
684 730
963 989
317 90
178 415
863 325
58 869
925 598
370 891
261 591
480 987
451 703
844 590
847 953
930 814
49 908
867 614
708 160
996 333
446 435
635 678
996 910
129 85
379 318
324 233
15 219
641 462
369 804
520 685
120 178
97 863
871 269
718 726
515 243
538 962
106 708
816 405
738 787
341 29
209 981
57 555
971 228
935 876
99 107
622 73
861 450
488 976
16 322
289 779
694 944
120 967
130 144
122 742
465 20
414 980
584 751
646 780
284 766
744 174
885 244
946 534
657 172
639 827
34 192
331 509
299 872
849 36
277 637
373 513
839 274
290 163
934 751
306 552
848 288
578 694
502 810
182 233
867 766
275 221
368 494
577 952
527 630
417 645
714 550
928 955
996 824
761 573
441 71
476 388
506 478
191 212
111 737
317 359
358 317
925 375
888 784
527 768
291 645
331 97
9 676
647 830
32 373
285 952
88 249
917 818
56 89
316 134
504 841
295 5
287 951
87 289
160 65
599 833
795 890
492 214
129 330
296 6
318 370
956 204
798 97
706 646
443 296
720 200
30 98
245 127
918 478
299 565
13 449
914 59
623 739
260 249
929 527
324 564
113 16
500 314
450 461
195 604
62 439
942 209
109 95
757 583
128 646
275 965
677 176
830 105
868 374
126 812
693 895
161 765
718 119
889 746
929 272
117 955
443 550
337 328
88 752
169 166
887 117
653 169
98 965
77 95
655 981
325 952
304 890
384 602
702 697
101 587
999 151
618 677
149 303
20 776
890 769
262 92
356 375
219 895
948 928
756 52
910 461
254 20
527 920
678 684
59 384
245 70
659 247
532 719
634 780
901 797
253 901
256 143
591 382
395 306
180 8
222 202
526 12
725 156
98 542
792 465
668 530
106 253
269 238
984 575
340 316
797 603
409 610
796 186
965 478
130 595
404 996
97 134
885 616
796 601
364 878
79 335
282 5
817 19
50 518
236 278
101 488
578 218
283 301
768 209
383 901
518 553
802 437
425 574
701 109
495 456
599 773
975 616
634 22
958 145
843 682
438 608
505 949
661 772
320 624
172 123
764 467
190 669
98 39
807 799
898 94
344 925
284 680
174 435
901 100
874 567
893 925
111 238
319 896
184 795
582 265
965 293
947 316
803 99
604 509
687 922
343 58
445 52
87 820
257 832
460 291
154 821
879 625
663 216
808 578
435 50
849 232
301 34
462 934
141 239
233 522
391 570
849 844
601 625
769 767
130 300
705 12
917 311
806 156
941 7
916 759
489 663
720 669
329 275
197 331
328 244
501 314
506 650
713 923
299 673
262 35
426 532
75 424
681 293
329 364
757 21
732 962
559 859
743 528
472 790
177 24
767 206
683 383
551 174
601 199
117 323
706 333
205 715
429 708
333 5
843 563
885 949
556 180
577 401
61 968
512 364
235 725
373 725
838 676
283 70
88 848
900 871
770 244
186 784
967 740
935 953
777 423
905 347
934 112
34 733
772 991
22 143
393 883
259 572
852 639
792 602
288 859
533 517
69 396
874 228
190 408
561 285
378 108
142 116
663 958
344 107
219 874
380 897
113 279
343 729
646 818
323 636
742 159
413 819
631 497
777 51
296 537
760 341
748 419
278 772
821 887
114 511
69 675
696 345
758 869
960 245
931 90
931 614
708 865
931 830
121 424
246 595
238 143
638 659
478 714
749 207
646 528
185 190
32 751
817 622
265 380
832 973
939 299
161 400
717 675
289 618
892 464
664 947
342 34
777 164
414 442
843 540
691 309
19 932
873 764
576 152
904 498
879 28
268 221
519 610
370 623
291 919
221 353
608 879
448 4
694 570
308 863
331 535
731 316
340 13
131 967
535 120
398 916
590 435
44 137
304 369
134 251
485 704
614 744
714 295
227 175
691 207
141 29
365 342
376 223
468 899
963 73
34 173
939 96
726 26
59 160
915 397
30 814
418 684
21 943
462 889
333 770
583 857
391 269
216 627
412 504
726 500
800 51
394 520
728 121
69 747
349 384
936 682
421 74
462 131
825 189
531 211
394 270
954 516
295 198
790 242
160 480
555 999
583 203
808 453
322 128
33 472
570 620
955 302
104 628
18 765
8 883
793 710
857 340
345 610
187 189
646 353
290 139
300 428
364 444
259 824
326 650
579 138
631 934
85 582
421 889
639 511
800 723
837 85
728 515
219 444
313 491
485 574
491 217
449 559
215 231
694 919
605 312
907 31
932 581
618 924
879 204
607 720
400 721
304 675
653 124
373 403
88 132
609 42
735 683
106 807
339 550
452 396
863 222
859 640
685 471
743 873
930 347
13 288
708 25
479 86
121 941
137 459
253 963
786 855
663 593
359 741
235 551
289 802
944 515
8 767
287 209
361 861
934 180
140 213
654 224
585 246
562 869
731 85
513 447
463 211
434 585
862 583
525 721
642 2
564 454
419 961
895 54
569 417
709 437
287 875
817 425
659 770
610 434
898 731
957 703
622 855
656 321
865 710
867 161
405 568
278 937
908 293
767 681
576 928
598 121
603 606
75 472
640 16
231 663
959 54
701 73
724 728
111 397
779 819
344 145
572 622
576 860
845 447
696 412
660 530
315 942
927 186
13 848
53 237
495 104
848 967
665 470
992 11
225 757
280 499
159 541
128 954
591 302
117 49
887 707
166 540
435 284
572 72
674 374
60 560
175 254
91 60
340 283
204 724
568 493
1 85
41 125
71 7
49 555
745 789
292 422
311 669
806 811
613 576
810 792
424 169
944 80
64 543
761 689
97 937
388 396
894 41
426 920
901 403
436 662
942 553
265 934
63 655
17 573
696 955
249 258
739 804
49 112
873 429
646 303
413 2
37 830
817 348
942 758
382 929
222 934
159 921
145 193
113 309
289 517
616 586
92 564
139 750
250 607
619 227
502 985
253 989
333 989
604 678
688 939
747 119
944 373
274 187
960 715
268 472
372 439
595 342
576 595
188 254
768 515
111 24
416 225
976 932
858 998
152 218
154 277
741 496
637 819
921 133
213 965
735 225
8 926
212 638
770 177
456 785
788 979
361 425
703 476
148 743
356 88
122 538
898 47
753 522
739 91
469 507
488 635
264 1
496 224
150 506
155 315
561 395
153 876
461 395
325 206
603 889
932 285
28 357
922 568
759 532
778 76
958 820
391 716
672 183
616 469
561 976
353 612
864 16
771 952
390 805
66 580
981 774
433 337
162 357
506 483
482 896
896 327
188 106
39 142
602 303
160 573
693 798
879 842
587 495
713 556
846 841
130 692
905 743
363 210
186 953
294 737
152 964
653 789
979 847
721 850
562 171
35 194
287 392
380 500
225 173
103 57
23 202
931 802
787 140
385 842
457 320
122 316
634 872
651 252
429 707
178 279
620 25
366 272
615 703
286 282
37 855
369 373
308 867
295 443
195 301
958 997
227 51
372 920
350 884
153 158
313 957
256 675
21 193
743 734
951 801
904 657
494 28
153 162
606 469
993 461
49 357
476 975
112 758
821 294
202 871
904 107
152 411
847 639
509 603
85 196
895 529
4 645
930 950
960 994
316 141
515 298
368 518
708 275
189 964
352 963
350 633
961 735
848 934
892 262
193 649
10 153
967 858
278 118
668 624
477 600
753 428
413 23
113 783
19 285
313 336
880 608
318 797
768 67
887 150
