874 799
30 860
953 822
412 952
461 559
139 92
883 866
421 828
211 105
684 608
556 396
918 262
772 500
232 915
274 143
768 137
565 440
807 153
681 398
671 404
19 934
25 980
333 500
5 820
368 932
476 54
257 399
877 167
333 712
865 75
217 946
221 299
415 129
240 880
642 844
663 458
504 960
681 649
442 181
822 269
328 496
407 870
186 692
73 768
129 580
942 429
98 669
827 983
924 859
172 349
478 317
523 357
884 49
133 284
560 840
857 182
125 140
17 339
292 712
627 301
573 248
590 874
546 492
410 907
75 76
993 772
370 756
589 686
525 822
728 35
652 541
105 256
253 169
377 155
560 381
778 522
266 197
811 327
260 957
163 734
220 530
204 514
151 636
307 427
948 238
613 235
570 378
396 639
410 281
233 130
653 724
263 373
366 438
331 817
2 122
341 540
130 355
645 371
365 104
694 677
884 954
180 542
296 551
458 955
886 388
468 556
820 897
839 144
533 733
767 331
490 617
50 349
688 416
604 429
213 532
839 810
262 644
210 46
672 288
348 748
15 246
608 85
883 410
244 865
646 498
299 582
74 957
698 693
989 154
356 112
990 547
937 755
289 5
874 488
88 819
358 629
406 398
627 64
163 456
850 359
337 921
385 266
219 916
965 711
268 495
978 889
218 958
768 166
527 781
551 330
877 14
852 327
142 108
954 639
163 266
478 708
73 245
603 58
731 683
303 301
849 851
219 436
765 425
823 201
55 854
567 307
51 241
678 109
219 478
399 177
61 386
467 366
239 856
59 857
30 420
519 969
809 179
756 367
452 50
709 412
139 962
555 950
833 419
890 199
530 850
694 548
919 101
45 220
538 32
727 171
498 333
255 438
766 588
885 395
271 834
908 976
68 986
173 587
361 350
354 460
595 399
623 652
858 605
964 835
607 755
165 18
476 535
815 741
342 319
607 339
293 481
944 698
722 504
691 347
412 51
337 130
716 470
598 970
693 915
316 666
529 855
110 709
777 877
863 375
211 800
369 752
715 171
11 244
941 124
859 587
44 299
972 587
801 983
191 652
480 737
597 403
403 176
893 756
136 942
724 108
917 985
622 876
814 352
742 613
424 728
455 871
691 422
617 291
757 569
911 994
971 641
455 66
59 907
914 517
383 111
120 220
14 981
665 100
58 321
542 105
514 167
32 267
875 348
673 149
653 925
462 535
56 453
330 355
228 522
907 50
662 120
454 261
280 732
251 513
146 328
212 432
457 241
531 411
276 42
133 67
377 695
570 537
925 379
122 36
515 750
59 288
711 445
938 552
66 802
220 153
337 622
936 196
271 163
777 568
262 921
85 792
286 93
375 967
805 289
456 524
28 36
842 349
14 74
244 681
786 415
367 343
715 529
648 191
486 6
774 255
828 881
976 873
807 694
604 448
668 841
130 995
76 971
562 191
58 681
951 142
704 977
913 697
800 773
807 365
164 170
944 911
182 623
856 306
140 529
660 173
504 541
657 283
736 564
750 938
605 956
107 674
51 61
175 663
709 418
490 82
280 443
893 377
185 326
91 912
562 713
1000 404
334 354
905 484
12 230
657 410
804 790
463 672
154 858
126 243
159 100
89 895
162 733
639 233
247 776
163 386
808 243
91 422
814 11
490 442
430 998
715 117
184 59
495 970
790 965
131 733
605 987
491 688
354 341
167 553
728 542
927 716
190 786
700 565
679 149
835 193
817 129
638 776
76 783
27 751
618 693
753 935
57 139
310 331
161 335
665 974
993 224
98 677
738 581
476 483
120 243
748 106
246 478
418 824
138 60
365 266
552 700
242 55
266 458
74 974
773 424
369 944
321 57
384 543
621 908
552 379
993 877
595 267
950 386
772 19
611 394
132 468
11 424
774 444
227 712
796 153
247 315
771 983
137 425
857 94
990 824
501 193
481 166
117 670
397 934
645 901
591 595
748 283
164 589
405 78
117 254
826 339
940 156
8 543
161 766
580 321
239 145
299 973
300 255
24 473
57 270
898 964
685 823
905 52
458 550
500 779
14 239
479 516
483 912
937 237
843 754
174 686
613 883
328 415
872 608
860 259
537 126
945 215
902 59
428 983
463 232
582 377
234 639
850 882
580 970
470 284
675 508
846 441
920 861
133 330
331 709
695 863
131 82
569 302
293 105
693 191
943 283
8 233
397 937
580 349
129 850
935 758
989 197
153 911
683 526
213 13
171 134
562 171
830 271
781 768
70 37
502 17
548 334
880 611
199 875
474 672
987 471
375 392
749 914
607 723
734 167
161 246
87 372
563 546
193 692
201 608
43 973
54 803
376 906
186 174
883 855
292 833
429 690
186 653
653 55
521 760
935 809
1000 392
448 774
784 9
123 942
763 426
752 368
779 611
277 507
340 661
939 332
744 999
767 256
677 424
164 681
467 624
458 851
470 787
520 453
558 879
186 92
736 312
400 703
456 27
705 368
95 353
82 787
732 71
939 177
759 355
11 276
811 594
208 163
277 492
920 891
835 257
519 798
188 663
891 368
703 152
564 399
659 553
998 101
74 661
937 399
667 883
167 820
424 550
631 782
772 697
173 228
11 262
91 469
952 773
645 734
932 955
663 711
413 412
962 729
877 543
285 264
662 526
735 820
615 638
411 68
840 768
618 132
508 604
546 967
648 10
352 628
392 106
336 538
52 529
630 928
380 326
132 909
109 179
502 507
453 503
105 929
983 488
722 186
377 366
397 972
264 676
550 979
42 597
959 837
28 117
64 852
590 682
531 42
741 146
820 455
219 708
641 978
385 930
793 204
734 851
150 544
894 175
610 397
192 259
406 524
985 975
510 811
906 860
827 664
971 62
944 422
401 248
253 22
581 199
570 215
651 735
146 780
834 930
73 791
32 110
31 23
335 842
717 468
921 218
112 801
456 278
825 360
668 421
428 969
525 590
999 290
487 984
437 163
188 347
588 450
9 658
537 558
257 573
407 946
42 455
583 523
298 622
390 632
688 281
369 269
514 173
831 209
424 315
689 884
543 141
566 909
655 457
759 28
601 27
750 587
260 59
44 24
282 508
568 245
142 305
515 251
103 734
839 71
979 580
736 708
498 128
743 556
487 164
387 536
401 440
990 393
3 564
955 678
167 833
650 617
131 401
699 454
68 606
605 808
758 136
783 499
133 617
688 796
478 263
832 861
45 566
461 928
236 679
838 589
311 901
195 33
269 66
487 863
992 664
464 460
48 287
906 171
398 291
602 331
400 728
62 639
872 720
384 936
905 29
48 666
723 177
244 287
42 429
555 233
710 799
802 280
437 206
254 194
98 922
210 361
142 789
242 610
758 515
22 785
168 939
438 203
142 193
358 276
692 694
36 62
450 507
890 470
155 544
885 417
184 970
758 778
406 441
764 317
217 970
500 299
595 862
670 412
692 807
869 398
897 480
751 846
332 550
514 105
706 984
29 24
511 903
769 557
529 490
80 72
820 17
85 101
458 663
375 796
307 933
271 737
913 662
516 64
228 724
23 384
661 839
626 547
468 324
996 339
619 350
163 32
874 664
590 184
165 740
177 742
294 391
817 556
926 797
441 174
440 534
396 990
905 963
96 812
457 701
700 359
132 684
637 347
140 503
941 199
185 214
653 384
793 824
654 75
803 436
475 328
118 272
111 647
420 20
99 311
109 439
635 88
440 972
541 612
819 497
941 609
400 736
247 224
962 903
729 499
47 449
252 585
89 904
649 590
970 563
970 9
850 901
50 737
900 940
259 938
262 152
647 503
193 613
655 271
592 88
806 467
141 258
27 265
663 860
610 890
263 92
826 759
382 594
805 179
328 631
605 522
232 937
163 967
174 490
333 382
154 433
180 353
120 327
906 553
861 55
932 268
321 655
69 852
405 983
529 357
363 591
139 918
526 671
534 206
686 902
573 853
347 176
206 735
876 10
719 397
857 358
18 89
718 98
75 90
103 761
657 46
263 864
369 172
317 774
157 671
623 697
954 874
587 686
469 78
887 464
894 807
874 9
909 496
73 214
245 178
808 131
31 211
497 782
435 799
777 540
11 494
836 474
63 224
315 38
880 494
413 974
312 983
309 373
176 334
503 682
205 708
36 90
585 909
430 903
165 950
241 480
837 243
450 593
975 92
428 541
303 966
892 778
914 779
173 656
925 560
655 251
893 757
436 986
416 847
247 155
807 681
218 726
658 903
125 169
479 133
971 495
187 143
579 52
355 769
852 896
10 468
26 952
215 590
784 498
352 516
763 276
683 316
584 327
976 757
418 952
25 25
993 184
938 475
949 478
630 710
522 650
116 19
347 391
246 325
291 987
840 429
177 276
755 757
814 651
864 335
357 307
598 166
257 958
64 428
455 460
126 86
50 328
263 119
229 234
90 336
962 360
863 508
579 377
642 649
831 589
18 209
91 456
941 518
168 450
607 190
389 55
930 639
244 911
8 532
450 621
250 907
206 70
224 367
733 956
638 431
797 592
552 156
873 195
88 282
457 532
499 416
703 994
372 977
345 291
212 794
190 109
940 410
857 401
723 775
581 696
639 22
204 333
509 701
846 521
304 571
118 128
852 195
215 807
559 356
28 702
64 854
251 418
775 672
30 3
301 815
144 613
903 13
774 598
210 155
776 475
951 657
669 732
420 169
973 732
592 156
626 704
830 293
693 254
101 910
747 889
525 873
230 80
455 873
627 526
334 492
387 256
434 56
476 968
637 306
499 130
938 69
587 425
297 329
403 378
971 297
417 399
24 67
764 347
244 394
824 645
456 125
465 438
291 136
824 865
985 211
111 12
680 125
562 324
238 738
340 607
248 802
713 517
543 337
824 137
184 348
369 924
223 178
570 630
736 350
454 266
385 828
132 367
195 621
541 486
353 953
160 385
575 386
557 417
426 93
128 668
45 439
333 947
502 651
728 874
104 771
255 433
381 25
35 692
356 545
962 596
837 804
309 431
610 655
314 745
12 430
460 689
997 754
699 418
559 959
89 624
341 716
294 326
715 497
745 299
832 720
220 6
647 857
791 890
376 381
760 457
812 415
133 891
488 913
222 690
864 460
168 162
448 364
385 73
636 21
996 482
759 27
724 401
276 103
133 163
628 597
512 46
18 537
65 605
80 754
713 420
802 400
220 217
576 840
320 616
267 710
907 967
548 28
658 676
882 40
72 676
926 605
762 108
733 596
562 159
742 244
149 333
661 339
404 499
627 600
338 726
606 178
992 867
52 193
17 579
653 166
665 981
600 968
405 14
977 536
630 670
863 124
79 529
310 96
419 818
855 42
539 397
334 865
10 708
484 453
976 916
547 826
625 696
915 918
924 705
422 476
512 997
304 902
891 636
336 654
393 440
28 38
833 505
278 662
887 552
348 116
314 773
216 974
953 520
969 686
645 904
827 409
976 847
209 303
654 245
782 998
135 840
838 580
695 228
220 116
428 513
96 795
333 568
698 684
782 386
516 397
671 436
562 883
288 514
260 441
644 766
642 684
128 778
558 826
139 208
824 135
27 53
760 2
154 382
865 127
359 287
309 368
129 585
447 733
852 411
220 649
497 514
311 514
170 916
967 740
400 670
551 20
442 502
968 32
582 286
166 516
558 25
107 645
715 993
571 102
255 41
631 644
690 97
795 303
282 174
948 242
921 920
746 789
648 861
380 586
240 616
872 120
538 435
263 165
349 725
389 185
51 633
820 96
459 35
37 804
284 863
771 748
422 238
45 338
281 853
941 299
72 186
195 742
234 380
876 114
282 516
510 785
196 961
805 603
83 197
995 292
435 210
673 432
600 927
318 883
863 745
200 32
667 408
539 703
189 563
964 257
677 789
452 276
489 636
919 335
898 289
893 277
93 27
1 349
240 266
267 334
772 537
508 785
256 498
713 333
136 902
324 518
431 183
611 83
610 18
700 665
983 844
238 481
976 318
251 707
288 232
875 272
275 843
65 453
312 929
303 570
731 380
824 385
566 901
63 574
406 58
349 571
791 184
827 542
609 11
355 202
1 751
406 501
255 841
131 148
928 457
857 25
923 867
486 778
345 823
872 588
705 772
392 837
44 965
874 619
500 9
269 582
298 687
501 633
70 746
555 6
735 454
463 306
309 15
141 465
23 139
382 357
466 585
787 543
542 471
225 879
682 887
787 525
710 625
891 352
898 448
533 430
951 160
563 879
871 321
97 565
595 754
559 483
155 62
783 39
465 377
341 521
373 615
236 811
25 240
500 637
763 484
388 973
703 81
53 384
74 585
203 254
611 969
425 960
39 671
296 953
709 256
717 220
331 762
212 831
861 386
221 608
945 887
423 416
317 898
862 590
106 840
879 593
601 402
808 931
983 687
783 50
421 690
290 443
460 663
640 447
5 39
47 359
484 783
824 148
476 621
725 889
449 108
886 167
923 87
389 102
206 90
282 641
488 609
982 752
140 879
344 726
193 29
581 350
361 533
358 19
130 68
977 719
103 240
369 168
14 781
805 266
572 213
891 719
582 917
963 721
519 724
242 542
224 555
193 33
620 206
319 762
164 28
265 94
922 794
833 375
79 342
831 912
36 343
545 304
350 700
441 427
288 452
281 256
50 853
795 926
156 707
500 445
349 544
92 586
900 17
773 579
819 730
115 197
738 254
535 27
430 558
573 666
274 347
165 710
850 176
473 961
59 792
432 600
146 112
219 208
70 375
269 717
559 236
88 191
655 337
102 491
605 870
206 364
198 885
697 411
651 653
869 335
340 120
691 629
289 170
440 591
44 983
662 639
186 611
768 38
837 100
232 828
225 560
750 935
187 294
119 693
353 533
423 804
926 107
777 642
807 306
823 962
19 564
1000 10
834 314
600 36
958 856
386 179
222 848
418 808
753 304
187 529
653 306
804 175
539 411
230 350
522 35
944 578
86 459
404 289
719 327
299 974
103 419
957 644
906 981
695 560
734 728
960 992
854 574
618 858
680 931
385 332
669 857
372 669
802 71
338 852
473 709
736 166
155 513
796 423
232 430
276 926
615 832
930 696
566 335
256 90
673 923
907 716
827 684
537 774
901 73
846 628
201 503
143 294
872 361
449 860
479 467
6 49
805 429
133 122
644 855
260 942
106 702
73 37
158 278
209 402
238 104
95 886
417 564
980 825
188 710
816 383
574 244
639 923
40 82
360 336
568 126
469 945
82 539
929 179
712 590
54 809
504 445
739 325
742 334
828 203
788 59
151 366
72 237
395 566
170 893
596 513
535 68
810 757
388 685
908 409
35 892
556 885
563 897
371 633
484 346
933 780
864 752
222 62
247 624
298 963
164 385
79 125
833 760
455 505
27 482
764 717
740 845
220 385
689 547
101 741
996 96
782 742
458 352
491 947
164 557
808 568
690 358
754 124
861 698
663 940
790 387
464 328
172 621
28 491
214 714
508 550
345 106
526 688
78 896
900 408
348 930
745 534
6 7
482 614
351 449
693 68
842 590
172 618
714 264
799 35
245 210
80 186
744 874
666 794
872 366
516 386
793 926
302 620
715 96
799 73
51 840
679 477
982 978
895 538
294 675
