934 996
600 303
861 3
760 800
738 28
109 130
161 349
415 946
411 448
602 88
905 632
742 115
803 76
382 258
807 280
36 373
594 523
193 665
85 33
468 238
12 749
827 696
691 525
671 657
402 447
407 339
519 294
409 232
198 155
35 516
811 221
31 118
567 129
849 456
904 670
465 939
171 700
273 934
275 914
215 919
923 41
686 275
667 993
752 612
375 953
811 703
880 597
728 532
975 596
718 838
190 46
365 661
52 549
276 875
222 182
937 981
386 721
364 803
55 148
991 55
214 179
757 471
600 698
13 930
455 890
105 956
997 157
406 444
236 380
47 612
394 48
391 190
338 22
142 19
96 297
364 835
19 538
327 815
226 275
3 959
448 258
546 338
246 533
152 17
697 927
924 408
345 882
567 765
856 605
403 164
413 132
169 433
705 770
161 880
856 380
298 988
802 894
988 967
925 698
17 589
598 102
930 490
185 353
890 421
667 465
23 108
603 503
748 520
636 472
172 611
456 427
535 937
432 234
800 639
249 757
10 753
446 168
568 797
397 177
396 100
488 811
433 383
521 250
518 796
481 113
478 407
102 989
515 994
403 807
650 418
324 420
845 767
166 69
79 817
769 237
415 599
172 505
949 603
985 968
794 389
594 892
258 525
981 544
933 74
690 819
779 125
608 1000
785 870
14 206
776 2
951 703
300 910
316 101
118 587
388 677
482 316
883 236
246 899
232 10
612 751
308 296
63 332
155 792
118 308
686 940
419 763
862 734
915 503
504 79
479 959
408 724
54 713
743 723
988 958
547 788
46 823
335 826
187 88
346 913
229 362
647 756
66 904
501 665
262 335
629 718
204 836
358 886
574 233
434 910
11 540
365 295
680 70
912 590
38 106
317 234
190 173
210 27
109 992
975 607
954 572
836 159
379 710
848 196
273 630
822 536
783 205
308 198
649 209
218 701
717 736
663 253
885 237
337 689
689 995
749 597
667 574
504 815
265 119
605 255
532 329
599 701
365 344
967 5
241 545
738 766
10 733
952 311
165 914
505 941
485 25
130 141
863 524
283 742
857 686
788 530
312 199
751 246
647 912
463 745
709 26
69 722
126 597
975 228
299 566
185 627
467 132
563 737
228 529
73 39
702 937
414 740
275 578
358 21
8 471
63 708
205 535
494 890
796 561
297 315
647 513
826 903
229 75
323 225
637 345
372 30
779 734
176 66
666 398
682 879
308 991
969 434
481 327
32 244
539 870
566 702
162 480
458 909
866 583
433 962
660 782
640 823
489 77
108 505
917 544
8 683
421 332
88 735
346 303
636 55
373 893
702 445
68 436
515 157
332 372
81 516
487 753
113 860
248 560
895 217
143 724
747 350
606 50
793 133
239 933
990 259
823 929
804 225
956 433
478 762
943 162
672 118
357 554
523 574
796 913
610 472
669 136
916 456
3 85
101 518
933 199
101 710
416 424
355 259
53 336
241 244
127 959
176 727
775 985
760 322
199 7
387 486
108 636
666 444
950 611
255 288
154 201
515 374
146 866
384 810
675 291
93 388
245 203
876 999
186 991
354 77
991 402
879 797
459 19
151 937
297 995
475 441
793 818
491 360
860 133
744 491
348 562
896 416
971 730
791 93
888 265
485 270
669 991
878 527
841 459
429 166
369 100
797 225
927 901
417 984
139 281
563 803
568 364
83 108
660 984
270 561
942 194
165 877
28 460
210 402
410 499
87 65
571 766
157 381
628 59
138 117
497 259
525 336
767 353
961 88
302 766
64 818
444 68
506 403
200 930
850 510
570 365
150 189
772 708
654 469
112 18
884 897
59 434
985 966
794 301
648 591
886 559
887 626
79 182
394 482
975 137
317 399
355 676
103 533
296 762
777 971
721 841
58 434
87 615
556 424
517 691
535 719
143 125
913 848
842 684
689 157
694 476
275 284
438 556
779 530
247 197
29 142
823 385
548 837
774 183
330 674
231 68
450 465
613 366
574 585
124 48
46 251
649 547
670 660
458 751
289 742
671 505
507 860
702 648
881 797
792 195
9 336
586 498
875 341
502 971
989 855
395 65
85 642
186 97
213 628
47 160
694 63
556 163
683 462
874 912
58 641
509 141
707 770
446 945
365 37
147 816
209 63
430 678
505 636
156 819
322 481
803 37
899 562
729 499
238 808
619 987
491 956
279 720
585 232
19 92
840 655
339 14
179 381
566 982
643 929
184 662
231 428
483 936
174 551
608 293
983 773
671 37
364 794
380 675
735 169
799 877
672 932
978 747
545 632
868 163
776 644
798 163
532 29
581 295
129 691
933 846
129 17
927 3
581 284
533 945
39 645
705 230
253 228
206 700
497 395
666 658
182 49
621 406
915 596
87 287
237 466
300 410
980 341
244 475
545 956
552 722
547 689
577 783
597 839
201 33
330 791
279 767
713 924
456 673
11 330
16 449
999 759
102 809
455 117
274 751
860 401
746 389
474 819
128 593
154 320
290 125
144 940
924 29
402 134
546 515
527 229
440 706
237 599
119 736
778 626
118 839
334 482
838 981
447 961
970 157
405 286
118 871
495 352
356 44
255 386
109 631
806 67
989 167
82 247
935 497
437 601
849 866
546 875
621 372
533 931
408 307
112 632
414 130
291 523
809 475
243 134
719 738
904 468
836 258
291 357
797 691
609 391
683 598
890 393
302 290
748 709
919 245
46 314
441 629
13 549
913 941
20 649
230 794
623 203
248 953
532 671
91 83
640 491
812 655
892 324
302 698
10 228
365 814
389 518
348 804
253 292
220 894
869 582
983 606
252 301
470 146
90 25
54 731
439 727
926 510
296 744
164 990
33 360
499 581
740 686
533 762
887 630
529 473
604 726
400 266
568 252
916 626
91 872
460 276
141 692
515 753
882 392
383 310
845 419
120 865
879 906
672 552
853 668
554 595
382 917
911 206
846 26
741 691
156 987
656 774
524 671
641 534
633 879
232 764
690 656
557 561
380 993
847 616
665 199
931 788
146 445
606 236
990 936
782 8
759 77
494 586
249 230
165 641
303 383
341 937
45 791
997 725
318 701
232 514
553 127
993 166
480 848
581 612
51 851
622 66
983 635
676 325
246 776
400 627
928 748
102 794
30 914
839 48
997 487
444 259
977 364
283 760
867 353
876 666
540 432
232 297
320 774
650 967
239 965
178 392
704 302
992 181
422 484
359 501
523 794
409 490
545 383
491 546
659 368
188 73
390 190
327 990
357 173
415 42
822 698
665 750
89 606
387 453
446 893
181 658
738 860
783 362
289 586
462 794
379 402
349 228
785 281
909 750
909 731
530 913
684 868
98 642
889 901
883 519
10 224
46 978
770 107
150 836
130 62
447 622
522 138
428 117
762 2
423 774
119 219
586 528
768 737
743 519
270 446
690 895
716 355
172 276
413 724
477 105
268 536
576 104
667 115
528 983
880 867
254 387
313 520
958 273
657 122
128 346
1000 809
91 893
242 414
446 967
551 169
817 644
571 607
778 99
744 377
428 54
90 215
387 67
32 507
241 656
704 201
151 160
974 219
765 202
246 429
878 182
77 227
840 920
548 447
898 110
932 943
858 745
371 407
296 894
138 801
779 377
962 477
349 265
630 367
880 384
716 769
755 993
395 737
318 427
962 44
34 94
896 248
102 318
366 83
620 672
4 145
473 392
262 660
124 892
247 590
818 669
914 693
489 894
65 509
489 466
53 509
704 161
246 326
201 733
274 859
474 472
329 617
454 41
285 547
637 893
254 413
516 549
202 362
405 20
103 686
995 203
158 533
422 159
841 246
465 190
590 767
695 657
366 1000
559 53
316 319
169 698
771 120
710 678
392 144
529 212
970 287
479 875
775 800
255 779
242 990
833 263
369 385
368 433
645 585
474 767
530 893
613 678
92 987
82 234
71 844
9 896
530 505
465 516
125 952
740 675
271 716
804 286
499 950
70 377
678 45
380 913
404 650
229 132
86 422
978 862
239 142
37 843
428 929
649 646
42 964
619 663
904 761
336 129
753 608
31 6
440 871
573 526
666 475
898 801
687 820
843 284
521 264
700 656
763 91
99 243
164 507
590 745
321 190
749 901
366 822
837 988
937 662
843 784
908 118
925 722
534 458
424 442
171 245
437 638
892 398
514 48
51 334
270 288
569 797
924 582
457 713
800 979
128 384
625 432
398 967
578 577
281 292
140 986
921 283
861 865
43 383
989 236
162 528
629 216
427 856
164 179
464 885
367 564
710 874
484 303
559 160
923 324
706 185
552 135
930 246
467 788
253 486
291 252
338 73
694 441
466 468
220 692
73 857
697 498
212 800
707 820
364 121
664 117
159 408
300 641
252 557
959 996
668 372
905 717
814 432
930 333
986 619
270 134
340 682
650 848
62 86
545 801
644 211
159 985
434 968
967 689
404 384
614 739
403 642
880 473
163 383
585 141
378 101
200 326
543 19
540 780
768 441
710 920
850 548
843 453
339 971
587 937
584 760
220 859
337 307
63 931
400 874
421 509
13 712
401 355
351 989
944 138
573 529
663 194
904 667
760 495
130 548
469 301
937 446
756 862
1000 302
167 500
969 270
970 792
439 898
820 814
145 476
503 200
129 869
724 569
760 428
893 689
262 347
455 77
887 911
190 331
487 484
37 824
918 328
253 907
298 639
742 39
434 16
380 141
864 431
637 616
709 682
719 651
464 895
192 903
521 408
597 604
250 148
291 410
656 918
100 939
610 314
673 833
640 374
342 689
827 742
43 181
579 424
561 769
861 459
742 720
986 460
536 648
112 920
843 644
405 303
203 377
659 553
741 523
478 619
648 604
456 830
280 955
109 24
919 399
1 226
452 476
558 901
487 572
922 209
489 318
753 855
490 650
366 251
140 308
1000 612
414 322
591 399
504 453
150 271
406 930
765 50
202 776
127 281
656 378
478 918
96 646
180 251
332 66
203 477
780 989
719 427
789 504
695 348
112 223
390 525
805 387
389 435
870 945
292 58
396 892
63 129
705 547
229 611
962 498
743 154
267 671
849 250
31 246
217 49
474 543
112 558
51 99
267 296
401 65
866 360
538 933
454 902
512 228
608 483
835 105
421 829
846 241
621 8
892 943
529 74
319 286
225 919
370 382
875 884
932 658
133 536
233 999
372 43
619 465
142 343
855 685
742 410
336 624
692 225
752 786
422 412
336 116
629 161
108 295
942 203
778 345
227 398
777 418
65 723
666 148
942 204
390 236
978 529
126 380
909 473
232 455
663 156
23 670
684 825
951 809
608 125
178 398
459 229
895 823
96 52
791 560
703 628
772 178
603 132
905 220
912 878
860 962
644 46
409 778
195 121
333 788
522 914
957 253
743 311
206 564
622 58
178 510
71 292
303 403
655 91
516 278
543 386
843 634
78 252
614 49
941 494
191 557
781 648
416 971
84 415
554 61
236 558
269 56
373 955
409 345
621 672
28 660
556 63
741 526
652 888
260 628
783 659
887 205
491 70
561 957
985 50
663 188
485 522
186 307
7 95
796 911
905 389
675 870
621 647
307 582
59 25
960 569
216 482
656 130
702 413
777 904
793 615
916 795
212 3
848 15
832 42
398 11
237 36
371 683
297 420
613 727
915 464
793 527
387 565
971 843
13 987
850 9
587 792
7 440
206 110
166 613
217 253
529 89
341 691
898 51
739 921
285 770
960 692
540 163
486 403
930 291
292 875
804 913
104 765
680 305
111 53
94 150
604 244
748 74
764 1
262 747
169 172
450 579
835 593
145 262
275 658
261 119
641 395
769 480
817 349
855 508
669 891
264 256
3 968
125 160
52 893
831 645
74 319
113 912
488 798
260 557
122 930
843 612
116 260
129 252
410 81
965 876
438 291
418 953
477 391
219 164
138 713
268 144
535 764
465 577
407 687
192 221
985 568
967 223
980 561
212 520
496 577
510 18
422 481
488 502
722 718
776 910
434 788
277 3
569 447
786 86
428 106
408 852
515 553
788 239
372 236
679 468
701 984
406 816
108 887
408 822
395 371
655 928
771 481
479 877
981 345
373 247
484 366
369 531
109 499
118 377
398 8
440 743
642 378
15 73
698 53
115 479
910 81
682 773
605 284
295 174
820 487
644 788
959 626
507 115
704 124
760 273
860 131
629 273
872 6
336 889
620 739
876 814
412 227
12 148
462 407
370 544
384 380
20 679
401 836
479 927
383 408
694 816
28 565
342 9
479 167
169 677
994 18
515 887
79 700
865 958
617 730
865 866
754 992
865 484
400 264
951 786
961 747
576 500
37 231
38 18
133 376
148 373
39 787
234 998
8 41
430 933
1 648
299 979
192 637
100 383
245 174
495 627
586 611
434 970
601 95
477 138
258 36
222 418
504 472
36 457
429 297
754 111
480 934
139 813
814 141
279 185
546 919
242 426
447 338
630 448
866 761
660 702
79 440
937 642
436 968
565 125
261 35
700 122
453 306
791 971
805 822
365 332
764 27
479 569
381 934
546 718
62 174
879 854
519 48
216 861
534 342
947 479
242 309
979 897
257 261
566 748
118 710
182 956
123 985
522 612
795 583
481 806
284 137
49 400
660 590
791 880
369 802
612 55
45 355
743 604
950 873
809 72
572 150
657 827
629 649
313 941
785 217
631 667
977 469
995 285
15 511
407 899
720 113
98 311
62 162
698 995
817 798
127 178
481 333
779 628
589 667
841 92
496 544
302 433
619 952
483 89
763 860
630 266
754 327
446 674
793 539
643 898
130 818
461 556
139 743
962 668
410 137
453 736
354 449
98 13
119 798
260 519
839 539
39 189
26 189
124 660
601 779
354 412
95 848
632 461
102 873
521 530
950 164
128 893
479 360
599 282
313 999
546 471
777 828
232 128
48 835
120 784
401 952
777 579
227 706
80 959
103 568
62 616
916 321
826 664
678 901
280 210
663 963
59 960
982 868
558 97
769 631
306 370
857 185
312 965
307 663
294 749
634 857
430 935
128 471
380 35
103 402
594 244
77 748
109 933
216 862
715 809
370 418
337 357
579 367
749 603
605 325
286 475
234 330
793 121
104 89
521 74
591 128
572 342
400 416
817 11
95 420
351 684
478 841
192 334
467 760
115 855
723 433
704 717
202 516
699 919
603 621
958 570
985 815
154 245
422 81
613 49
52 191
754 206
237 926
528 98
706 858
783 267
265 200
707 33
532 701
100 972
849 784
104 794
43 563
584 358
602 629
733 121
761 944
596 586
893 533
123 518
547 772
380 590
272 768
567 583
143 486
486 631
51 691
669 509
481 928
354 522
901 805
488 191
803 991
531 830
726 415
563 566
293 998
468 378
572 524
746 132
448 162
881 805
509 740
169 301
809 914
652 27
606 499
177 120
9 237
385 874
828 699
92 773
715 883
575 352
730 117
728 532
459 829
603 497
843 546
733 865
799 123
556 661
704 597
446 320
710 621
107 772
593 407
853 356
615 527
857 489
386 203
718 524
341 590
796 230
881 82
999 960
707 368
238 996
900 186
320 628
512 590
826 360
832 434
742 589
951 464
132 454
887 410
940 540
792 745
115 62
705 312
330 570
174 303
758 398
423 177
705 474
254 116
827 966
922 274
925 986
16 585
197 669
162 319
133 973
977 327
622 943
516 906
535 56
544 743
107 817
871 570
484 340
651 753
702 327
777 368
523 832
724 961
136 50
940 730
366 80
641 720
73 32
26 315
143 761
843 556
623 633
868 785
255 141
854 73
105 207
640 737
790 839
673 76
769 151
910 283
272 906
688 870
335 775
24 648
415 226
969 565
121 195
385 241
926 152
573 571
17 39
424 610
125 351
778 136
866 108
80 242
935 641
193 967
614 665
650 125
767 847
284 329
95 997
387 320
282 63
117 311
832 367
397 938
10 293
706 759
121 543
952 865
3 530
471 219
607 606
803 247
713 136
380 316
202 175
679 202
176 244
317 788
215 740
449 126
85 793
348 291
465 309
186 126
960 682
888 440
598 239
763 658
895 707
468 180
134 300
307 848
812 647
332 874
885 178
473 860
771 643
705 483
846 611
994 170
825 596
422 18
311 703
326 121
379 15
416 365
112 884
147 6
943 137
726 675
653 425
46 883
835 276
567 966
508 156
954 300
823 996
559 394
731 424
764 620
656 670
837 587
809 21
612 642
38 644
709 478
79 29
456 59
282 529
274 420
803 988
593 919
966 545
526 213
986 127
220 302
235 593
819 370
933 481
157 622
740 229
457 631
611 929
627 479
780 834
579 173
569 981
441 115
279 766
600 410
347 28
391 458
723 407
906 205
25 90
16 834
413 319
409 560
247 842
893 139
676 112
393 999
189 834
73 784
1000 105
286 701
5 274
613 905
960 80
733 910
73 90
258 247
964 765
613 166
47 739
398 427
284 707
51 101
9 38
42 811
528 742
942 732
703 133
968 562
786 358
106 214
323 520
226 58
693 183
517 182
180 755
309 718
713 585
670 842
421 146
790 803
623 722
20 964
657 44
824 293
252 152
22 117
970 983
735 684
858 125
306 602
299 686
829 374
343 544
455 953
539 109
386 319
507 860
8 23
688 416
492 455
438 230
845 891
548 15
143 203
878 906
171 863
930 999
761 44
991 480
460 307
918 361
839 449
835 721
554 270
466 268
803 212
469 116
913 608
457 917
85 623
595 885
528 989
730 121
76 286
499 744
292 69
681 629
4 227
269 540
135 496
