533 670
11 419
303 214
49 288
378 132
24 748
640 657
23 178
642 70
347 623
469 523
847 352
638 474
60 562
511 316
887 178
883 761
811 350
276 968
272 658
677 654
233 174
870 546
246 80
757 288
302 108
811 721
60 852
246 329
522 759
311 106
867 688
512 682
585 703
69 728
355 557
399 878
174 543
555 579
817 391
681 929
176 170
876 766
813 192
711 524
31 500
709 840
241 798
385 401
950 352
337 661
657 852
309 609
274 573
194 510
82 84
719 963
588 708
979 417
830 687
901 156
73 778
43 200
12 754
633 345
297 870
801 579
911 228
432 510
27 457
353 282
493 543
332 736
498 928
870 698
371 816
445 627
234 628
870 447
277 638
513 805
803 908
448 770
398 975
193 397
208 343
421 777
790 179
831 44
520 66
721 278
742 855
834 992
443 863
584 228
679 351
871 271
733 327
420 208
799 453
16 53
996 773
795 134
825 449
677 165
334 708
853 370
3 794
4 809
709 545
954 263
655 220
540 76
466 93
129 309
562 656
602 925
495 548
558 635
32 902
104 268
423 799
586 178
827 928
505 646
172 335
480 459
738 769
648 855
452 35
114 849
270 856
429 156
31 824
793 885
342 687
279 185
560 900
374 885
78 237
713 588
142 815
951 173
439 310
35 777
614 604
430 632
835 425
914 319
953 418
856 222
790 992
103 288
281 938
798 183
507 769
412 628
609 702
68 125
468 953
440 475
517 965
565 978
895 217
878 175
469 977
68 655
38 866
456 121
132 780
1000 579
446 238
142 693
712 980
64 969
79 246
575 151
299 642
34 67
403 278
173 708
169 100
786 863
64 333
984 758
719 131
575 229
549 296
554 665
199 78
911 572
66 834
42 596
363 782
94 82
108 484
37 967
662 848
126 27
512 433
185 798
355 939
866 698
725 957
533 861
546 242
135 963
925 696
296 944
88 275
118 238
476 210
289 555
232 733
792 776
770 283
717 494
695 380
355 251
686 11
318 79
1 46
207 962
708 703
328 755
669 910
576 490
71 709
971 85
165 116
727 72
586 389
153 592
324 888
425 340
685 326
186 634
176 404
998 500
216 848
203 508
664 665
731 614
383 938
859 934
89 787
554 66
208 393
918 526
574 108
705 115
967 667
18 799
748 855
728 823
683 975
422 675
438 235
636 324
143 491
746 213
287 440
756 506
123 883
284 223
384 382
574 640
407 157
191 596
551 975
518 484
235 456
233 310
260 366
774 450
941 575
594 624
235 206
736 514
584 203
638 653
371 553
835 954
114 2
586 307
787 75
57 506
124 806
79 949
372 73
745 647
804 917
234 891
88 596
584 630
474 747
160 630
651 979
351 983
238 56
162 964
284 987
32 960
124 249
352 840
99 961
150 541
166 497
268 752
720 324
667 741
289 231
679 428
578 273
285 643
736 781
910 857
658 48
603 638
489 106
763 814
668 927
47 868
714 288
124 233
586 952
660 944
416 220
192 379
472 183
285 446
122 956
503 517
920 862
540 358
635 189
643 21
461 62
634 75
990 47
834 887
84 282
554 858
220 837
973 315
177 651
79 238
884 415
676 774
273 92
76 792
455 398
77 35
585 409
835 307
573 405
876 328
377 961
996 139
289 176
270 1000
599 731
378 280
480 336
811 359
35 112
437 190
663 822
755 332
119 111
520 979
312 710
237 810
967 964
101 885
769 223
806 654
219 154
10 993
540 165
376 433
840 31
777 689
334 602
70 838
281 219
372 599
225 352
698 989
859 660
629 893
491 306
222 325
711 365
452 563
124 960
196 990
288 830
70 403
324 113
549 491
546 763
523 404
699 582
739 648
696 15
773 354
82 88
802 761
381 566
112 264
783 222
335 766
765 183
21 687
469 617
206 648
182 821
988 869
107 369
875 765
972 575
1000 299
734 396
731 955
626 284
703 635
371 928
861 242
633 910
137 159
522 632
496 227
261 471
172 511
17 617
177 845
141 172
148 489
464 336
653 196
618 180
712 207
309 473
305 725
752 779
340 33
628 797
849 473
850 454
367 96
554 87
475 764
314 202
554 90
72 483
994 141
378 568
219 772
425 446
992 923
217 290
862 220
590 736
285 723
290 859
444 730
728 475
286 957
816 5
332 483
910 719
269 292
297 419
29 744
915 993
404 851
264 689
203 782
144 418
105 263
697 323
791 76
872 70
587 946
983 480
716 949
62 249
231 266
759 49
607 151
270 465
955 305
763 192
155 801
618 835
692 315
181 389
943 468
228 158
274 311
325 413
51 290
339 237
552 865
437 167
7 851
163 507
412 587
84 222
102 548
186 73
357 759
402 967
358 271
451 6
662 393
697 268
336 30
734 614
303 571
990 256
341 241
632 176
909 688
568 334
719 128
454 411
432 28
465 854
757 274
767 238
509 465
355 326
75 272
754 690
488 584
602 676
37 203
296 917
492 639
742 861
751 441
799 416
313 89
137 194
329 945
281 844
277 165
352 25
133 790
340 940
247 253
844 20
661 446
65 226
897 915
932 313
284 3
509 769
619 72
544 438
4 410
734 497
560 938
967 668
714 571
873 851
886 625
628 787
596 705
958 121
702 335
242 662
623 252
209 999
800 187
834 924
957 130
827 657
103 573
682 342
283 172
772 571
740 88
224 641
780 576
279 415
63 537
19 797
824 241
851 934
574 970
920 687
681 169
872 476
67 177
522 587
586 513
773 498
299 12
690 928
594 373
293 595
130 824
542 640
227 392
641 316
206 114
501 843
846 59
810 786
938 694
349 397
306 182
746 444
570 472
8 87
789 217
376 345
897 936
301 186
828 303
993 886
152 359
363 339
505 710
519 207
601 825
203 380
728 429
689 587
666 686
662 8
836 230
814 245
701 935
858 78
613 45
536 27
262 608
921 282
971 539
897 444
614 891
140 238
438 554
88 813
257 422
564 772
919 860
846 748
714 344
415 633
970 442
238 921
38 916
886 24
869 911
813 864
858 429
371 935
621 925
736 486
444 897
300 614
511 918
801 942
121 287
257 601
120 212
217 263
503 222
558 269
256 44
845 700
183 387
843 188
436 958
29 993
644 736
229 780
784 517
120 54
607 393
130 103
893 134
526 418
829 912
822 784
209 162
56 370
875 364
441 356
969 691
199 685
87 297
528 420
611 859
114 525
838 241
550 410
117 112
391 464
497 986
286 51
726 973
890 709
591 25
137 496
755 20
697 168
511 73
932 664
870 771
791 582
285 79
883 44
580 462
897 175
654 547
259 142
495 318
587 953
775 876
19 432
724 432
404 371
434 513
359 610
56 520
607 95
478 817
427 340
721 184
102 898
681 649
426 208
14 958
700 462
600 55
513 639
681 363
217 747
607 834
410 539
320 548
739 752
527 879
774 367
771 26
432 780
949 719
775 953
687 338
150 767
242 482
930 44
701 229
470 819
352 111
319 687
98 79
9 189
922 579
307 227
852 987
584 634
140 84
911 165
138 733
584 728
962 749
842 880
145 479
51 82
236 188
765 435
969 462
532 531
587 702
711 552
943 781
291 431
367 928
162 231
318 354
789 99
871 576
145 950
206 131
596 811
747 791
133 897
271 322
390 784
593 49
902 361
112 43
264 864
237 429
795 160
2 108
945 414
838 298
398 99
146 353
365 721
995 947
403 805
277 840
113 735
645 411
817 513
322 417
336 998
304 768
520 782
652 40
270 335
285 423
920 326
83 942
961 803
822 101
899 871
804 464
435 163
729 67
805 542
620 335
884 881
243 856
634 945
303 579
431 829
48 559
876 529
68 916
20 122
945 567
818 798
722 743
980 633
595 262
129 491
551 574
874 177
590 913
88 314
1000 956
880 662
935 383
504 89
839 771
639 496
22 350
617 580
660 681
927 645
611 421
44 828
696 437
317 128
825 578
863 879
821 91
106 981
634 587
978 706
774 611
612 88
526 627
653 362
23 104
332 431
442 814
725 891
671 438
633 313
790 962
535 529
409 834
572 600
230 435
254 657
303 192
796 258
653 73
904 276
567 302
836 135
782 258
974 831
944 374
468 375
462 611
27 150
466 388
522 526
33 231
555 335
763 425
355 605
519 33
283 891
409 92
780 837
635 781
528 782
414 231
419 95
113 929
466 525
531 55
818 490
596 44
865 625
719 468
315 466
485 993
524 701
354 655
931 182
240 749
192 17
462 105
479 545
396 813
962 847
646 851
676 856
427 837
452 212
212 651
789 649
976 244
51 861
581 980
620 187
435 96
564 579
419 362
790 477
181 482
577 825
410 907
547 382
668 480
195 317
698 829
786 808
234 972
461 213
135 580
39 473
994 311
111 440
796 376
730 849
548 491
429 256
481 953
82 453
797 264
46 16
881 389
878 949
272 760
331 860
549 870
739 93
516 169
912 530
222 97
106 618
357 214
880 954
742 979
312 543
545 270
303 748
654 404
528 501
417 69
141 303
872 13
985 992
987 801
512 760
724 312
789 847
16 947
293 601
970 348
784 615
892 863
795 950
519 360
746 986
69 752
595 581
128 261
420 792
74 1000
128 232
576 163
63 922
55 431
740 955
150 718
634 304
234 290
641 167
861 243
183 836
738 92
680 684
508 661
189 183
673 811
764 753
782 914
552 351
623 899
472 184
680 282
542 642
256 999
277 324
211 521
460 851
469 386
357 31
166 469
67 880
856 397
607 380
710 665
592 509
792 760
964 870
356 312
402 888
137 523
175 181
811 927
677 803
197 379
346 999
601 397
908 919
371 422
959 96
253 309
494 825
237 69
785 586
34 25
987 996
170 412
553 276
548 557
108 940
416 384
106 529
989 733
130 450
471 530
675 751
807 255
671 66
79 593
561 305
210 998
357 884
106 486
386 296
958 678
812 580
875 217
340 551
748 642
449 715
841 794
560 262
703 906
907 728
956 174
131 333
410 893
275 915
840 541
915 473
160 237
599 869
144 80
680 124
795 449
44 852
221 155
850 189
907 324
85 820
290 875
457 658
517 497
46 677
187 430
198 470
519 656
43 873
898 504
765 26
492 710
413 831
856 46
473 187
801 383
988 957
699 165
979 331
537 895
261 229
661 841
943 714
538 246
4 760
452 933
293 360
335 44
626 989
794 226
49 617
835 633
79 756
227 145
682 32
102 831
544 379
189 52
259 163
737 567
746 50
877 380
682 79
573 820
209 825
502 249
689 56
540 622
658 397
872 391
983 685
544 198
41 659
893 765
929 444
813 745
471 517
913 530
779 59
763 588
626 403
417 30
419 154
33 581
415 875
724 798
157 299
877 572
965 107
315 492
805 896
774 859
720 230
271 502
794 344
787 965
952 64
295 779
595 461
792 435
256 749
174 740
387 447
65 759
500 202
982 816
693 807
616 476
210 576
642 751
471 731
152 804
327 581
320 141
168 225
825 423
352 940
779 899
321 638
368 100
957 445
