833 532
528 636
655 747
52 521
499 15
434 735
129 170
532 239
285 814
271 702
892 970
6 362
957 964
888 371
607 127
936 344
212 657
625 651
50 922
914 880
999 122
170 336
850 502
602 244
729 903
782 877
737 149
559 214
216 356
974 294
293 371
96 768
749 585
510 222
836 813
276 92
20 806
145 806
836 515
924 139
149 806
280 38
220 123
500 50
505 916
26 604
295 508
476 377
679 314
796 386
383 185
23 738
894 681
34 484
888 310
145 290
166 798
266 740
307 615
264 828
378 909
659 901
496 585
984 108
255 334
771 824
114 294
211 621
272 581
326 85
635 93
497 103
631 629
271 591
500 46
713 344
600 840
999 330
602 287
566 133
53 558
118 612
627 158
961 880
660 396
366 1
821 798
304 599
126 313
414 792
173 407
105 468
303 38
595 730
517 612
333 739
49 810
352 285
237 599
563 422
345 742
902 487
458 922
898 719
821 20
244 403
364 255
827 569
276 71
808 145
683 929
577 102
752 590
583 827
279 499
157 144
870 700
6 351
81 435
940 517
814 67
540 166
609 8
695 829
817 683
153 84
199 276
541 105
792 103
177 806
783 460
522 588
75 330
409 799
557 383
87 92
837 464
61 200
160 560
383 651
659 426
951 566
815 484
211 110
566 796
296 221
374 199
672 582
709 509
726 334
57 182
366 894
592 722
677 674
359 539
468 268
56 200
180 305
691 920
988 290
948 472
254 512
399 510
868 779
265 255
828 46
405 891
703 576
48 480
174 831
986 795
995 730
549 345
742 576
700 851
87 104
920 972
723 111
605 954
34 869
566 163
251 575
192 895
684 158
372 772
455 779
748 583
858 961
334 426
638 138
835 594
346 766
389 297
629 790
510 86
79 217
662 690
752 696
130 533
156 746
380 80
622 27
772 461
612 930
990 340
550 207
654 113
806 419
449 702
368 68
868 904
864 132
480 784
202 460
771 627
48 100
16 408
34 222
718 734
871 67
440 202
451 917
233 280
611 808
202 792
888 533
765 294
901 674
594 653
286 886
946 547
344 778
597 248
362 87
252 795
527 992
526 770
672 220
445 951
906 368
770 134
967 898
974 51
814 204
814 241
400 174
129 256
882 722
66 697
154 479
323 259
612 809
968 602
768 345
665 178
720 343
407 667
574 759
377 318
180 860
253 388
318 457
64 248
567 223
705 386
144 358
753 34
250 584
686 613
293 83
654 958
820 45
433 72
473 64
629 127
24 852
778 249
329 59
180 137
410 437
656 156
195 197
584 957
549 385
641 999
399 924
250 410
726 978
839 914
711 189
492 678
519 140
444 830
794 432
119 685
11 789
174 137
200 779
250 181
673 305
816 62
514 114
949 849
893 399
576 95
666 423
657 296
199 951
216 973
548 224
923 730
223 595
328 485
616 820
391 774
43 750
134 441
23 472
418 340
63 496
826 668
62 94
109 759
393 275
635 168
162 959
596 734
959 684
407 764
604 561
262 404
287 915
712 652
841 28
125 739
595 108
874 337
721 270
459 37
216 314
243 247
834 470
736 488
778 746
178 820
396 637
428 887
542 17
572 500
55 864
31 858
807 998
957 355
714 729
349 505
853 86
380 476
125 195
248 968
200 683
222 648
874 826
384 408
123 923
233 978
101 532
699 876
652 869
284 968
696 921
693 348
984 334
979 604
642 684
11 522
112 245
48 44
321 790
716 391
161 606
910 633
112 683
543 528
415 690
565 326
171 665
77 788
540 586
489 229
833 617
770 110
814 213
382 85
227 372
288 976
983 441
857 945
974 656
941 697
243 484
138 540
782 346
629 366
233 594
5 838
675 173
484 839
319 346
149 338
641 717
12 521
374 589
690 325
548 403
702 619
974 314
225 583
823 903
895 413
406 226
581 43
851 312
104 23
20 607
989 305
519 367
420 956
230 427
40 418
943 606
528 35
554 962
595 519
845 653
435 851
91 964
57 428
349 309
444 669
429 85
413 818
898 118
617 671
971 618
258 943
623 931
914 849
759 235
121 743
220 44
477 588
665 343
662 431
973 512
661 228
313 499
565 330
293 816
141 549
98 853
395 803
186 448
485 796
342 948
791 187
522 555
121 696
78 894
684 543
351 657
967 724
804 352
983 818
476 552
304 618
919 746
346 99
101 880
622 438
676 695
661 833
181 933
69 175
212 569
986 910
905 98
911 489
856 423
185 47
507 386
768 80
811 815
108 851
976 36
714 503
774 978
200 438
862 415
158 510
978 155
833 793
991 229
465 403
301 109
798 765
226 75
475 409
452 225
861 388
806 65
810 964
427 187
397 576
12 168
189 849
817 551
678 3
748 143
508 683
949 865
811 807
831 361
94 753
30 404
563 191
543 420
591 501
391 743
335 445
215 832
128 587
841 748
395 497
793 588
130 61
856 652
441 844
900 658
106 178
448 598
973 916
581 248
909 637
990 745
403 183
254 344
73 902
822 796
347 681
772 839
852 108
148 109
664 312
897 798
918 278
454 501
893 704
501 250
52 777
248 900
770 444
946 38
177 739
420 865
803 988
394 374
76 471
638 281
753 730
6 222
203 317
28 152
667 302
1000 48
268 679
829 976
230 685
959 310
327 854
867 110
100 880
138 358
60 332
97 820
797 678
457 83
264 536
513 136
609 652
908 920
84 175
971 556
999 655
91 739
973 829
133 797
180 449
986 892
226 985
979 360
407 151
642 785
919 759
488 838
581 326
588 365
474 438
491 820
766 720
167 387
405 182
199 393
330 106
830 494
944 331
774 430
736 153
768 247
246 781
708 822
865 195
114 536
650 334
682 756
564 683
396 199
253 867
411 279
107 350
464 599
569 737
768 146
269 428
209 811
70 320
654 675
479 119
680 362
152 650
57 596
510 781
963 748
954 469
488 164
442 648
799 101
468 423
148 333
625 372
235 669
137 127
151 205
540 505
948 724
115 740
665 602
572 33
171 40
889 327
686 392
500 482
575 532
959 657
733 23
13 575
562 600
380 359
814 399
474 634
258 110
770 659
92 569
873 38
624 570
144 846
578 478
67 975
364 714
702 149
815 927
870 367
403 868
897 32
958 37
20 70
552 276
826 12
57 681
8 23
441 584
853 835
299 234
547 306
781 630
988 711
27 148
871 860
350 217
611 957
812 340
74 672
520 765
123 133
773 581
400 240
979 592
747 584
62 605
386 83
491 408
792 744
4 923
277 697
12 693
833 815
399 389
620 543
17 238
45 540
988 221
446 793
288 360
55 495
737 402
942 822
56 227
999 71
803 386
621 352
119 993
177 928
214 728
382 303
427 816
907 957
345 856
712 519
273 623
462 467
140 621
16 493
744 363
859 784
272 612
389 475
248 823
438 79
39 977
14 120
402 563
166 352
92 892
688 138
969 487
450 512
287 156
264 558
856 668
611 628
679 933
276 475
180 567
894 419
437 51
124 975
136 538
835 776
57 29
405 911
895 803
791 180
20 232
608 844
48 526
330 366
506 508
424 129
812 593
117 729
498 80
885 237
381 692
542 438
102 821
100 701
249 53
986 930
45 608
23 40
276 19
286 742
241 597
511 393
541 632
37 878
988 248
426 572
702 636
613 77
939 732
233 575
912 253
60 66
116 401
252 738
270 436
950 662
445 824
295 136
361 255
521 121
268 362
501 871
595 77
390 859
732 159
604 379
480 7
16 214
350 39
373 57
375 347
983 825
277 28
334 344
504 639
30 780
2 803
950 466
804 81
944 615
841 529
63 511
714 572
336 505
179 236
340 561
61 194
265 147
445 750
455 70
348 682
574 382
857 596
925 100
321 814
351 964
805 35
356 119
9 883
695 327
34 636
389 774
562 675
185 122
929 772
819 249
221 7
112 215
757 429
510 455
195 206
631 722
803 346
548 216
550 665
267 65
537 830
716 854
642 860
754 97
573 541
975 752
323 249
383 431
823 844
402 146
511 556
640 636
989 25
71 662
762 964
540 387
202 585
161 682
223 779
789 625
872 281
498 204
128 886
215 788
668 198
749 656
609 85
26 866
409 179
980 234
130 920
861 98
742 403
95 55
103 453
171 827
689 984
507 455
466 725
606 178
650 280
526 209
842 30
285 12
481 232
771 653
975 535
795 473
68 703
376 327
656 704
278 218
657 98
791 933
474 611
540 19
791 634
137 875
528 549
23 310
371 945
339 130
104 485
940 689
539 871
223 252
311 836
856 128
925 241
753 710
886 176
932 145
909 531
498 274
195 403
715 835
642 785
903 191
363 238
654 867
697 703
962 314
593 653
676 598
102 532
912 679
95 210
138 656
90 115
700 623
596 860
96 735
267 188
536 583
606 108
755 729
777 994
215 11
115 803
381 67
634 560
718 898
53 727
343 121
429 282
194 1000
145 289
396 617
192 973
156 898
332 634
345 105
542 934
384 536
473 850
724 593
723 159
845 861
851 270
401 270
263 654
465 681
388 884
911 820
539 499
226 901
693 4
519 49
169 29
583 228
443 101
886 141
216 679
852 573
749 683
118 970
309 936
158 299
996 361
144 351
145 724
749 737
109 917
582 527
692 639
434 66
914 130
993 460
308 15
487 384
740 513
946 469
639 163
47 328
50 467
370 626
508 470
281 181
131 282
1000 426
373 553
235 372
950 180
115 354
519 208
778 409
317 560
556 902
847 917
606 473
390 206
890 580
814 10
678 320
584 358
524 884
479 231
969 605
599 294
126 186
575 65
851 839
726 387
948 665
716 801
515 918
710 492
55 535
628 714
867 496
810 916
494 401
506 329
304 589
893 679
978 483
283 615
995 528
108 197
578 103
168 524
777 167
372 440
616 546
204 905
489 840
849 247
374 602
185 519
513 470
570 859
891 501
13 633
469 721
42 576
839 471
240 571
337 46
170 128
195 728
523 542
291 156
951 864
80 811
982 964
940 748
791 631
807 70
306 26
148 483
957 791
296 36
62 154
416 461
653 363
711 181
505 748
446 452
240 125
571 342
570 395
616 673
191 600
761 734
142 658
799 539
624 752
49 84
339 408
965 212
355 325
999 967
318 895
888 909
608 12
399 476
87 46
977 388
683 526
272 783
12 694
172 170
643 967
137 279
183 895
34 73
310 910
973 155
41 563
856 1
388 57
359 318
848 622
250 425
593 592
934 719
224 877
499 251
170 631
384 543
134 100
436 444
355 161
515 793
829 367
713 735
7 911
159 859
695 639
440 230
377 922
343 346
850 836
459 143
841 679
880 145
581 716
580 329
927 5
812 374
378 562
101 409
245 750
633 338
739 133
964 487
463 811
307 1000
945 69
7 425
268 28
850 769
896 833
355 169
567 670
523 964
917 290
243 45
852 56
365 32
262 653
335 413
200 384
450 574
481 348
927 502
443 19
743 466
157 366
346 918
265 561
641 38
285 713
352 154
980 26
146 829
287 745
130 461
96 969
375 526
797 312
343 837
105 507
404 687
971 532
478 531
466 159
824 104
31 517
987 523
642 998
824 779
529 927
394 636
395 136
402 325
567 505
520 887
416 288
240 944
79 985
302 589
221 34
437 605
71 751
482 654
948 786
902 671
787 658
845 19
492 831
915 429
212 18
304 803
144 590
371 485
133 342
511 168
563 812
302 424
907 39
715 824
593 552
949 397
464 836
64 530
660 494
85 573
257 263
393 15
920 810
237 370
422 80
759 484
960 853
717 453
26 817
957 656
83 678
76 710
337 438
60 442
691 922
939 646
270 326
979 563
201 473
818 973
963 551
793 643
292 495
227 425
930 992
588 822
844 296
856 159
186 217
186 604
5 494
834 112
15 202
847 382
715 82
124 204
352 249
959 314
639 444
791 329
93 681
683 825
291 892
666 60
171 88
150 145
197 236
445 689
443 448
405 465
58 990
687 275
404 94
535 824
376 590
141 259
104 462
361 904
557 428
133 754
860 653
879 240
530 631
353 338
752 751
705 817
39 544
559 64
799 411
456 370
633 609
116 632
409 517
83 514
700 36
514 451
706 684
926 532
435 724
205 824
202 282
545 456
875 446
149 976
769 245
700 210
332 349
264 305
708 627
645 323
525 80
951 846
189 564
352 258
588 318
835 323
900 574
280 64
835 154
100 686
255 217
26 339
724 809
332 947
408 316
899 910
445 215
80 851
2 531
460 786
25 40
