38295 4832 -33683 96024
2 26175 0
2 427 0
1 27621 0
2 2159 0
1 27609 0
1 2089 0
2 33753 0
1 5300 0
2 26597 0
2 32771 0
1 31650 0
2 20736 0
1 38015 0
2 33191 0
2 6292 0
2 32423 0
1 1383 0
1 14080 0
1 32818 0
2 16579 0
2 551 0
2 9175 0
2 33199 0
1 5274 0
1 36009 0
2 914 0
2 26953 0
2 26517 0
1 8777 0
1 4789 0
2 14289 0
1 34785 0
1 3530 0
1 16478 0
2 13380 0
2 10765 0
1 5976 0
1 31184 0
2 11275 0
2 33645 0
1 13681 0
1 12930 0
2 37735 0
1 17479 0
1 2082 0
1 11317 0
2 6719 0
2 12594 0
1 37654 0
1 2997 0
1 23525 0
2 30582 0
1 36523 0
2 21219 0
2 8861 0
2 3373 0
2 1234 0
2 16972 0
1 22240 0
2 531 0
1 9150 0
1 3885 0
2 3235 0
2 717 0
2 19461 0
2 21282 0
2 28078 0
2 27894 0
2 1356 0
2 25314 0
1 30621 0
2 32921 0
1 139 0
1 913 0
2 10757 0
2 26846 0
1 9263 0
1 32066 0
2 36672 0
2 18241 0
1 34837 0
1 37356 0
1 26809 0
1 18182 0
2 37640 0
1 18679 0
2 5360 0
1 14176 0
2 1468 0
2 18750 0
2 32491 0
1 27611 0
2 33695 0
1 12323 0
1 4372 0
2 31324 0
2 2870 0
2 15205 0
2 34207 0
1 7495 0
1 23923 0
1 19558 0
2 7679 0
1 408 0
1 4335 0
1 23705 0
1 29901 0
2 17914 0
2 7485 0
1 30970 0
2 9899 0
1 24658 0
1 28859 0
2 23360 0
2 29157 0
2 32925 0
1 12945 0
2 10554 0
1 14436 0
2 1221 0
1 21594 0
1 21726 0
2 32293 0
2 30162 0
2 37193 0
1 26122 0
1 14218 0
1 9069 0
1 18194 0
1 23499 0
1 6571 0
2 9813 0
2 8847 0
2 16064 0
1 11871 0
2 7302 0
1 8605 0
1 7789 0
1 36509 0
2 16135 0
2 25604 0
2 8622 0
2 978 0
2 11448 0
1 37760 0
1 10289 0
2 10224 0
1 37624 0
2 31854 0
1 15111 0
2 12502 0
2 9526 0
2 11811 0
1 9797 0
2 31622 0
1 16361 0
1 27184 0
1 4519 0
2 3050 0
1 15405 0
2 13337 0
2 35800 0
1 34914 0
2 20804 0
1 35721 0
1 6163 0
1 20818 0
2 35082 0
2 32256 0
2 19014 0
1 27391 0
2 20023 0
2 26115 0
2 26832 0
1 14557 0
2 3236 0
1 29483 0
1 33105 0
2 9477 0
1 34191 0
1 15461 0
1 29419 0
1 36683 0
1 31093 0
1 5312 0
1 31871 0
1 6473 0
1 38065 0
2 23728 0
1 979 0
2 31046 0
1 21762 0
2 26641 0
2 35717 0
2 16082 0
2 7243 0
2 16027 0
1 35769 0
2 3731 0
2 45 0
2 15675 0
1 37263 0
1 16361 0
1 31784 0
1 31364 0
1 29956 0
1 28564 0
2 20833 0
2 34512 0
2 1704 0
2 5419 0
2 13413 0
2 34130 0
2 30170 0
1 20940 0
2 9952 0
2 1324 0
2 18564 0
2 25854 0
2 10095 0
2 9397 0
1 21514 0
2 21993 0
2 1170 0
1 14141 0
2 17826 0
2 34626 0
1 34740 0
2 18529 0
1 35958 0
2 28759 0
2 24550 0
1 4533 0
2 15116 0
2 2695 0
1 24177 0
1 35161 0
1 11874 0
1 18463 0
2 5658 0
1 27752 0
2 1764 0
1 23043 0
2 1569 0
1 2261 0
2 9068 0
2 10404 0
2 11280 0
1 34143 0
2 10277 0
2 18524 0
2 27853 0
2 11456 0
2 8077 0
1 29922 0
1 33312 0
2 18675 0
2 31199 0
2 23606 0
1 28859 0
2 18821 0
1 12243 0
1 37758 0
1 28723 0
1 26805 0
2 3937 0
1 27707 0
2 10205 0
2 19722 0
2 12961 0
2 20834 0
2 16610 0
1 20714 0
2 16948 0
2 31673 0
2 23670 0
1 22286 0
2 5104 0
2 11770 0
1 19634 0
1 26037 0
2 19143 0
2 24214 0
1 32850 0
2 33843 0
1 34629 0
2 17418 0
2 6856 0
1 6925 0
1 5508 0
2 38166 0
2 27600 0
2 14709 0
2 31264 0
2 23055 0
1 18466 0
2 914 0
2 28978 0
2 12298 0
2 10879 0
2 12719 0
2 31239 0
2 35188 0
1 16174 0
1 13117 0
1 6278 0
1 374 0
1 13285 0
2 18123 0
1 27465 0
2 5240 0
2 13779 0
1 23300 0
2 14117 0
1 25604 0
1 3237 0
2 19794 0
1 9761 0
1 26192 0
1 35319 0
1 34260 0
1 11399 0
1 5584 0
1 262 0
1 13600 0
1 24831 0
2 17000 0
2 3318 0
2 3318 0
2 25551 0
1 23388 0
2 18543 0
2 15426 0
2 11571 0
1 19393 0
2 9474 0
1 8855 0
1 37608 0
2 3628 0
2 11239 0
2 32516 0
2 36018 0
1 9245 0
1 25657 0
1 4389 0
1 26004 0
2 24654 0
1 29677 0
1 35730 0
1 29764 0
1 9005 0
1 17912 0
2 11628 0
1 33056 0
1 21366 0
2 19893 0
1 34637 0
2 31226 0
1 26601 0
1 8726 0
1 13474 0
2 684 0
1 714 0
2 27634 0
1 25372 0
2 6298 0
2 17365 0
2 31245 0
2 34549 0
1 18682 0
1 33946 0
1 23633 0
1 28384 0
2 36469 0
1 797 0
2 17296 0
1 35392 0
2 7550 0
2 18712 0
1 18336 0
2 27328 0
1 11277 0
1 34768 0
1 31194 0
1 19511 0
2 33440 0
1 33849 0
1 35731 0
2 7370 0
2 16926 0
2 13368 0
1 14523 0
2 1863 0
1 36900 0
1 34247 0
2 15591 0
2 29327 0
2 35497 0
2 30808 0
1 16636 0
2 14663 0
2 1111 0
2 30827 0
1 415 0
1 21949 0
1 15466 0
2 17968 0
2 20441 0
2 5799 0
1 22441 0
1 1208 0
1 16781 0
1 17466 0
2 17823 0
1 16512 0
1 5863 0
2 25764 0
1 12572 0
2 9366 0
1 5946 0
1 24656 0
1 10671 0
1 9653 0
2 34945 0
2 2556 0
2 28944 0
1 36452 0
2 7694 0
2 16873 0
2 23217 0
1 1240 0
1 15291 0
2 18068 0
1 33295 0
2 27263 0
1 4159 0
1 3909 0
2 16745 0
2 5435 0
1 19604 0
2 17699 0
2 1671 0
1 28307 0
1 19265 0
2 16087 0
1 22379 0
1 10920 0
1 32513 0
2 15945 0
1 6210 0
1 38083 0
2 35487 0
1 30616 0
1 27444 0
2 2845 0
1 3552 0
1 7284 0
1 21455 0
2 8619 0
2 27406 0
2 5311 0
2 14228 0
1 33697 0
2 2782 0
1 1772 0
1 7093 0
2 16294 0
2 25015 0
1 12827 0
2 15098 0
1 18216 0
1 19481 0
2 23348 0
1 1092 0
2 22234 0
1 20717 0
2 19544 0
1 7256 0
1 21827 0
2 15883 0
1 11494 0
1 27135 0
2 31467 0
2 6617 0
1 24614 0
1 7980 0
2 18798 0
2 581 0
1 6493 0
2 1416 0
2 18320 0
1 30035 0
1 35835 0
1 6619 0
2 35845 0
2 23459 0
2 13519 0
1 35269 0
1 29908 0
1 5839 0
1 24321 0
1 19207 0
2 28731 0
2 16077 0
1 16828 0
1 16616 0
2 32187 0
1 7976 0
2 21574 0
1 31037 0
2 35069 0
2 13772 0
2 29744 0
1 21189 0
2 3477 0
1 32208 0
2 21998 0
2 16343 0
2 31050 0
2 17789 0
1 30042 0
2 37930 0
2 30406 0
1 10664 0
1 4182 0
1 6494 0
1 27678 0
1 36923 0
1 17134 0
1 30547 0
2 1881 0
2 8678 0
1 27015 0
2 6248 0
2 25676 0
1 28872 0
2 24535 0
2 20788 0
1 3405 0
1 17763 0
2 16735 0
2 4746 0
1 28856 0
1 22162 0
2 29478 0
2 31044 0
2 24838 0
1 5283 0
1 24862 0
1 35917 0
1 11322 0
2 4787 0
2 3871 0
1 12251 0
1 23408 0
1 21330 0
2 26646 0
2 4467 0
1 11270 0
1 10043 0
2 30802 0
1 34161 0
2 30699 0
1 23911 0
2 24874 0
2 15793 0
2 9113 0
2 9576 0
1 18194 0
2 35888 0
1 23317 0
2 14183 0
1 10997 0
2 38013 0
1 38267 0
2 27767 0
1 17238 0
1 37579 0
1 31535 0
1 10384 0
1 36520 0
2 14178 0
1 16823 0
1 4757 0
1 3394 0
2 9680 0
2 11044 0
1 36705 0
2 21270 0
2 19599 0
1 22494 0
2 1817 0
2 30897 0
1 1965 0
1 22874 0
1 36219 0
1 798 0
1 4069 0
2 32314 0
1 33163 0
2 24831 0
2 21516 0
2 7271 0
1 5130 0
1 36813 0
2 8842 0
1 1011 0
1 28555 0
1 3787 0
1 37945 0
2 5052 0
2 2672 0
2 5204 0
2 22792 0
2 17737 0
1 20636 0
2 13697 0
2 1956 0
2 16912 0
1 225 0
1 15930 0
1 18464 0
1 30702 0
2 30959 0
1 4175 0
2 10234 0
2 29474 0
1 26621 0
1 12267 0
2 2057 0
2 10582 0
1 34099 0
2 12208 0
2 18346 0
1 10768 0
1 36587 0
1 30542 0
2 14036 0
1 33809 0
2 9096 0
2 13175 0
1 25501 0
1 20526 0
2 3402 0
1 20033 0
2 4457 0
2 13486 0
1 2414 0
2 35161 0
2 15932 0
1 1975 0
1 32316 0
1 2952 0
2 16151 0
1 17870 0
1 16174 0
2 9960 0
1 28718 0
1 36648 0
1 32544 0
2 1862 0
1 24123 0
1 33309 0
1 17021 0
2 312 0
1 5155 0
2 8873 0
1 22618 0
2 9844 0
1 380 0
1 1178 0
1 2253 0
2 25890 0
2 15372 0
1 38145 0
2 5360 0
2 25722 0
2 31006 0
2 21178 0
1 31052 0
1 26757 0
2 11136 0
1 22681 0
2 1260 0
2 33434 0
1 14643 0
2 20677 0
2 4735 0
1 19165 0
2 20700 0
2 18654 0
2 9283 0
2 23908 0
1 27293 0
1 31382 0
2 733 0
2 20088 0
2 20759 0
1 26251 0
2 20759 0
1 5084 0
2 29607 0
2 12358 0
2 732 0
2 9357 0
2 14904 0
2 32521 0
1 19388 0
1 11769 0
2 25856 0
1 9721 0
2 19773 0
2 24903 0
2 34711 0
1 12701 0
1 17635 0
1 7023 0
2 29072 0
2 4432 0
2 30315 0
2 1044 0
2 25401 0
2 1484 0
1 27021 0
2 15093 0
2 32654 0
1 25568 0
2 14425 0
2 8021 0
2 12413 0
2 25314 0
2 6536 0
2 4948 0
1 16087 0
2 28083 0
1 22235 0
1 20437 0
1 2347 0
2 5568 0
2 22679 0
1 20606 0
2 13248 0
2 34359 0
2 8532 0
2 10247 0
1 29432 0
1 15746 0
1 27435 0
2 37003 0
1 37289 0
2 18544 0
2 12005 0
1 25092 0
1 2664 0
1 37082 0
2 4360 0
1 12812 0
1 35617 0
1 23502 0
1 7167 0
1 12383 0
2 21220 0
2 13195 0
2 28183 0
1 2187 0
1 32262 0
1 6838 0
1 38242 0
1 3880 0
2 1245 0
2 33294 0
2 24422 0
2 5928 0
1 3016 0
1 10026 0
2 21511 0
1 20513 0
1 36525 0
2 2125 0
1 22941 0
1 8060 0
2 28227 0
1 23494 0
2 22861 0
2 8366 0
2 1047 0
2 36525 0
1 6855 0
2 26800 0
2 27661 0
1 29207 0
2 19630 0
1 22981 0
2 12172 0
2 16703 0
2 12318 0
2 8202 0
1 14786 0
1 6248 0
2 29243 0
1 5150 0
1 6507 0
2 25070 0
1 2959 0
1 17364 0
1 12019 0
1 20873 0
2 37278 0
2 36219 0
1 36896 0
1 35985 0
1 26929 0
1 25959 0
2 11002 0
2 108 0
1 34415 0
2 11461 0
2 4964 0
2 2368 0
2 6944 0
2 17286 0
1 11765 0
1 28295 0
2 36290 0
2 25474 0
2 11491 0
2 37869 0
1 4307 0
1 35597 0
1 9588 0
2 21731 0
1 37407 0
2 900 0
2 27333 0
1 27189 0
2 35642 0
1 13007 0
2 23820 0
1 11922 0
1 16641 0
2 34746 0
2 10430 0
2 33161 0
2 22825 0
2 5538 0
1 9850 0
2 32489 0
1 7556 0
2 26929 0
2 32475 0
2 30853 0
1 31945 0
2 19154 0
1 32556 0
1 346 0
1 32377 0
2 18859 0
1 9574 0
1 2165 0
2 17382 0
2 9540 0
2 11373 0
2 21276 0
1 28412 0
1 9486 0
2 27116 0
1 21375 0
2 36148 0
2 35882 0
2 10592 0
2 15590 0
2 26602 0
2 8711 0
2 17567 0
2 16526 0
1 31381 0
1 29252 0
2 23409 0
1 28572 0
2 19928 0
1 3561 0
1 26825 0
2 12532 0
2 12720 0
1 30217 0
2 15100 0
2 25195 0
1 5348 0
1 4226 0
1 36469 0
1 4676 0
1 5745 0
1 36306 0
1 15334 0
1 27871 0
1 5826 0
2 27837 0
1 12074 0
2 20507 0
2 26520 0
1 21925 0
2 6929 0
2 5047 0
2 15528 0
2 18679 0
2 11102 0
2 32379 0
1 3765 0
2 16824 0
2 24820 0
1 26340 0
2 9120 0
2 28351 0
1 2001 0
1 6716 0
2 10719 0
1 18143 0
2 25046 0
2 18536 0
2 26177 0
1 14540 0
2 31869 0
2 3 0
2 20065 0
2 795 0
2 24565 0
1 16399 0
1 12731 0
2 18156 0
2 10635 0
2 2556 0
2 2106 0
2 14941 0
2 24852 0
1 26729 0
2 4570 0
2 9325 0
2 31910 0
2 1060 0
1 4196 0
2 19675 0
1 13477 0
1 34340 0
1 21565 0
1 27850 0
1 34839 0
2 32489 0
2 20257 0
1 34195 0
1 34398 0
2 8125 0
2 4174 0
1 6561 0
1 13737 0
1 13242 0
1 30044 0
2 10791 0
2 25675 0
1 36587 0
2 30825 0
1 34165 0
2 15232 0
2 26372 0
2 31228 0
1 5524 0
1 1628 0
2 390 0
1 25110 0
1 2443 0
2 11526 0
2 23402 0
1 3609 0
1 22751 0
2 9741 0
1 12096 0
1 6463 0
1 37671 0
1 11672 0
1 17109 0
2 16586 0
2 21470 0
2 13611 0
1 9695 0
1 25006 0
2 8801 0
1 4142 0
2 22876 0
2 10494 0
2 17798 0
1 18315 0
1 33481 0
2 23853 0
2 11747 0
1 36454 0
1 13206 0
1 622 0
2 27584 0
1 20083 0
1 31044 0
2 9097 0
1 3225 0
1 36502 0
1 13448 0
2 19276 0
2 25393 0
1 11719 0
1 26078 0
1 788 0
1 33154 0
2 31925 0
1 14817 0
1 24263 0
1 24677 0
2 4532 0
2 33278 0
2 5367 0
2 22493 0
1 10163 0
2 34702 0
1 12127 0
1 1091 0
2 19458 0
1 15653 0
2 1517 0
2 36498 0
2 24633 0
2 7473 0
1 30462 0
2 28444 0
2 6786 0
1 4230 0
1 11182 0
2 19119 0
2 1018 0
2 12789 0
1 4210 0
1 30128 0
1 25085 0
2 34035 0
2 1637 0
1 36547 0
2 2129 0
1 2265 0
1 26168 0
2 17650 0
2 22100 0
2 4652 0
1 33394 0
1 31464 0
2 35650 0
2 17366 0
1 26365 0
1 172 0
2 30503 0
2 35909 0
1 5454 0
2 14112 0
2 126 0
2 4986 0
1 30266 0
1 2114 0
2 31453 0
2 32210 0
2 18504 0
2 3780 0
1 30564 0
1 7159 0
2 4366 0
2 11776 0
2 26711 0
2 223 0
2 34712 0
1 29247 0
1 6609 0
2 13201 0
2 20628 0
1 16850 0
1 7219 0
1 9131 0
2 27341 0
2 14972 0
2 12938 0
2 33282 0
2 37263 0
1 25343 0
2 33640 0
1 32098 0
1 9315 0
1 37574 0
1 15139 0
1 27925 0
1 13899 0
2 25359 0
2 37889 0
2 17813 0
2 11769 0
1 29090 0
2 21806 0
1 6459 0
1 11871 0
1 6899 0
1 4166 0
1 36148 0
2 32452 0
2 19440 0
1 2548 0
1 9887 0
1 16276 0
2 10859 0
2 34018 0
2 17978 0
1 15502 0
1 17115 0
1 35642 0
2 26268 0
2 3345 0
2 12803 0
2 9211 0
1 38117 0
1 19126 0
2 12917 0
1 37453 0
1 14897 0
2 8902 0
1 3368 0
2 35064 0
1 16732 0
1 26219 0
2 10756 0
1 12898 0
2 27745 0
1 18949 0
1 3432 0
2 6662 0
2 25155 0
1 30141 0
1 7110 0
1 11112 0
1 35032 0
1 19627 0
2 16359 0
1 14997 0
2 11320 0
1 19058 0
2 20091 0
2 28902 0
1 27475 0
2 15703 0
2 5099 0
1 17428 0
1 37514 0
1 11336 0
2 7034 0
2 395 0
1 5669 0
1 12055 0
2 10314 0
1 13412 0
1 26374 0
2 22700 0
1 28379 0
2 25652 0
2 22709 0
1 2772 0
1 17046 0
2 24860 0
1 23261 0
2 20627 0
2 2346 0
1 14068 0
1 2495 0
1 28307 0
2 97 0
1 33393 0
2 16434 0
2 18959 0
2 15668 0
2 2807 0
1 37376 0
1 2034 0
2 11906 0
1 30062 0
1 34820 0
2 2596 0
2 14146 0
2 37768 0
1 33951 0
1 1294 0
2 3884 0
1 3554 0
1 12069 0
2 21960 0
2 2977 0
1 35460 0
1 1427 0
2 8094 0
1 14129 0
1 6542 0
2 27405 0
1 32849 0
1 20879 0
1 6714 0
2 12474 0
1 11560 0
2 19617 0
2 7950 0
2 36584 0
1 28752 0
1 7190 0
2 37351 0
1 37774 0
2 5098 0
1 10247 0
1 34877 0
1 19881 0
2 32239 0
1 15249 0
1 11519 0
2 14187 0
2 3173 0
1 6266 0
2 941 0
1 32865 0
2 13009 0
1 23454 0
1 23901 0
2 11596 0
1 17405 0
2 6538 0
2 20166 0
1 26891 0
2 10415 0
2 31973 0
1 11912 0
1 20532 0
1 18006 0
1 23534 0
1 3847 0
1 18803 0
2 2120 0
2 12431 0
2 4084 0
2 37811 0
1 36918 0
1 3110 0
1 1546 0
2 18846 0
1 18402 0
2 21792 0
2 20457 0
2 20536 0
2 28112 0
2 14383 0
1 19664 0
2 33400 0
1 8533 0
2 10836 0
2 18898 0
2 35607 0
2 22864 0
1 17689 0
2 12446 0
2 15538 0
1 10350 0
1 27234 0
1 26065 0
1 9073 0
2 7763 0
1 17343 0
2 8830 0
1 3634 0
2 27542 0
2 22304 0
1 18755 0
2 28639 0
1 15517 0
1 37657 0
1 10673 0
1 10068 0
1 11272 0
2 6089 0
2 10419 0
1 29971 0
2 15122 0
1 32602 0
1 37607 0
2 18388 0
2 12516 0
2 24101 0
1 29569 0
2 30600 0
1 18621 0
1 14697 0
1 18248 0
1 26143 0
1 2231 0
2 22830 0
2 35769 0
2 5672 0
1 1933 0
1 29155 0
2 20896 0
2 31521 0
2 17106 0
1 36135 0
1 19174 0
1 29614 0
2 28717 0
1 24343 0
2 3102 0
2 11883 0
2 37440 0
2 15945 0
1 1716 0
1 29455 0
1 10487 0
1 17960 0
1 29973 0
1 28869 0
2 9645 0
2 15848 0
2 23844 0
1 22079 0
2 26969 0
1 24751 0
1 5015 0
2 22403 0
1 34559 0
2 21110 0
2 1247 0
2 1649 0
1 470 0
1 10733 0
1 15147 0
2 36711 0
1 6799 0
2 30892 0
2 23894 0
1 30865 0
2 35847 0
1 8902 0
1 16003 0
1 18619 0
2 15677 0
2 34219 0
1 3870 0
1 14804 0
1 20421 0
2 17269 0
2 36550 0
2 26702 0
2 6923 0
1 6425 0
2 36338 0
2 26501 0
1 32727 0
2 34722 0
2 34581 0
2 13636 0
2 18150 0
2 20615 0
1 9833 0
2 28891 0
2 210 0
1 1342 0
2 25652 0
2 37919 0
2 36860 0
1 18885 0
1 12059 0
2 8917 0
1 12275 0
2 15890 0
1 27805 0
1 1220 0
2 24727 0
2 37067 0
1 14096 0
2 6810 0
2 27337 0
1 24513 0
1 8179 0
1 15080 0
1 5423 0
1 3754 0
1 4350 0
1 37305 0
2 36770 0
1 32942 0
2 6266 0
1 34117 0
2 31892 0
1 16091 0
2 9102 0
2 33057 0
1 35137 0
1 32797 0
2 28590 0
1 34118 0
1 14314 0
1 37060 0
1 33989 0
1 4231 0
1 22293 0
1 15864 0
2 33850 0
1 35000 0
2 35814 0
2 18740 0
2 31701 0
1 27217 0
1 12164 0
1 26762 0
1 14447 0
2 20191 0
2 22182 0
1 16184 0
2 34198 0
2 24416 0
1 6816 0
1 33156 0
2 38186 0
2 34246 0
2 30974 0
2 13161 0
1 17871 0
1 31070 0
1 6809 0
1 25327 0
1 35370 0
2 28708 0
2 19015 0
2 15533 0
2 17913 0
1 26016 0
2 17411 0
1 21300 0
2 32219 0
2 21919 0
1 28423 0
1 11774 0
2 37850 0
1 34548 0
2 29649 0
1 35788 0
2 28599 0
1 25724 0
2 28140 0
2 2831 0
1 19132 0
2 28613 0
2 5498 0
2 3880 0
1 6672 0
2 30291 0
2 23866 0
1 783 0
1 38024 0
2 10796 0
2 3684 0
2 8174 0
2 17258 0
1 7065 0
2 6088 0
1 4681 0
1 24993 0
2 22824 0
2 24346 0
2 31624 0
2 30828 0
2 8638 0
2 15037 0
1 35458 0
1 5024 0
1 34197 0
1 34749 0
2 26102 0
2 31072 0
1 30413 0
1 30615 0
1 35698 0
1 3113 0
1 30435 0
1 2659 0
1 29006 0
2 22044 0
1 26883 0
2 4371 0
2 12767 0
1 35171 0
2 35881 0
1 24439 0
1 8051 0
1 30664 0
1 8649 0
1 5899 0
1 2337 0
2 33391 0
1 22548 0
1 7191 0
2 9596 0
1 7253 0
2 24779 0
1 22855 0
2 30350 0
1 33932 0
1 13716 0
2 27014 0
2 21458 0
1 24260 0
2 13804 0
1 36363 0
2 27999 0
2 29285 0
2 20021 0
1 34319 0
2 7693 0
2 27231 0
1 19113 0
2 2052 0
1 24511 0
2 12601 0
2 34490 0
1 35542 0
2 1761 0
2 29830 0
1 8245 0
1 26890 0
2 6144 0
2 11101 0
2 13782 0
1 2644 0
1 5930 0
2 36665 0
1 31881 0
2 31516 0
2 33641 0
2 6212 0
1 16782 0
2 21291 0
1 9269 0
2 9728 0
2 30861 0
2 4003 0
2 32678 0
1 11096 0
1 15656 0
1 14137 0
1 313 0
1 17522 0
2 27047 0
2 15287 0
2 2346 0
1 152 0
2 10982 0
2 24133 0
2 16888 0
1 12813 0
1 18426 0
2 6317 0
2 37089 0
1 4290 0
2 28764 0
1 31576 0
1 13513 0
2 32888 0
1 258 0
1 5643 0
1 9570 0
2 17638 0
1 22201 0
1 10407 0
2 11905 0
2 5705 0
1 15604 0
1 27279 0
1 22096 0
1 30780 0
1 20237 0
1 36063 0
1 15366 0
2 10074 0
2 25067 0
1 11692 0
2 16932 0
1 17364 0
1 7500 0
1 8193 0
2 35747 0
1 12314 0
1 34113 0
2 996 0
1 14452 0
2 1339 0
1 10548 0
2 12080 0
2 21774 0
1 15564 0
1 33077 0
1 19591 0
2 30583 0
2 23878 0
2 30599 0
1 38262 0
2 27088 0
1 28115 0
2 35836 0
1 21109 0
2 23205 0
2 18907 0
2 20081 0
2 25523 0
1 26742 0
1 37407 0
2 1855 0
2 17634 0
1 28195 0
2 27685 0
1 38133 0
2 27648 0
2 24566 0
2 28338 0
1 26320 0
1 13092 0
1 21425 0
2 37431 0
1 32022 0
1 3242 0
2 16321 0
1 28183 0
2 19328 0
2 23328 0
2 25599 0
1 12732 0
2 20902 0
2 30538 0
2 16537 0
2 34186 0
2 21179 0
1 13447 0
1 37457 0
2 13093 0
2 8085 0
2 29617 0
1 28806 0
1 36871 0
2 2552 0
1 27213 0
1 27745 0
2 14692 0
2 13255 0
1 5732 0
1 15188 0
1 452 0
1 4180 0
2 34055 0
2 35420 0
2 22239 0
1 13010 0
2 11137 0
1 7786 0
2 24967 0
2 36234 0
2 28533 0
2 12242 0
1 1369 0
2 14177 0
2 13991 0
1 34235 0
2 32390 0
2 10498 0
1 37632 0
1 31719 0
2 12732 0
1 31033 0
1 20567 0
2 4153 0
1 28682 0
1 7137 0
1 24431 0
2 37976 0
1 26448 0
2 10191 0
2 21042 0
1 13246 0
2 36564 0
2 15706 0
2 24586 0
1 20578 0
2 18315 0
1 16486 0
1 37804 0
2 33291 0
2 32655 0
1 24904 0
2 4172 0
2 2334 0
1 8635 0
1 22634 0
1 28839 0
1 24670 0
2 12752 0
2 1005 0
2 21704 0
1 33189 0
2 6322 0
2 18476 0
2 11815 0
2 23584 0
2 30202 0
2 29486 0
1 1777 0
2 20475 0
1 2197 0
2 34149 0
2 33111 0
2 6610 0
1 9188 0
2 35081 0
1 30211 0
1 14741 0
1 28886 0
1 633 0
1 25456 0
2 34251 0
2 30097 0
1 10678 0
1 31620 0
1 33679 0
1 6686 0
2 22657 0
2 4970 0
1 27591 0
1 32977 0
2 26990 0
1 5111 0
1 25669 0
1 29232 0
2 10658 0
2 17255 0
2 5650 0
1 19558 0
1 8461 0
2 17866 0
2 3320 0
1 22161 0
1 35037 0
1 34706 0
2 6018 0
2 22449 0
2 18318 0
2 11211 0
2 33951 0
2 31517 0
1 35199 0
2 13230 0
2 25153 0
2 25529 0
1 35674 0
2 29370 0
2 9765 0
1 18400 0
2 20479 0
2 3653 0
2 363 0
1 31250 0
1 11881 0
2 7706 0
2 24080 0
1 16789 0
1 27048 0
1 26098 0
1 31036 0
1 10902 0
1 4750 0
2 20953 0
2 7582 0
2 24763 0
2 24716 0
2 12504 0
1 20343 0
2 15999 0
1 6550 0
2 27220 0
1 1793 0
1 13798 0
2 9075 0
2 21243 0
2 5654 0
1 32972 0
1 3320 0
1 32546 0
1 16415 0
1 34966 0
1 30644 0
2 32902 0
2 6788 0
2 27225 0
2 23099 0
1 30832 0
2 31529 0
1 19121 0
2 16715 0
2 18700 0
1 33506 0
1 12045 0
1 12986 0
2 622 0
2 24931 0
2 16012 0
1 29518 0
1 25658 0
2 6244 0
2 22943 0
1 29603 0
1 21357 0
2 2358 0
2 29627 0
2 29732 0
1 30945 0
2 23952 0
1 20638 0
2 11020 0
2 15773 0
2 17502 0
2 24657 0
2 38225 0
1 29366 0
2 33930 0
1 31935 0
1 34092 0
1 33428 0
2 16756 0
1 8844 0
1 33214 0
2 2493 0
2 8834 0
2 540 0
1 32842 0
1 23526 0
2 8637 0
2 16053 0
1 962 0
2 1604 0
1 25791 0
1 24453 0
1 37567 0
1 6685 0
1 31726 0
2 16619 0
2 8772 0
2 18499 0
1 35512 0
2 32262 0
1 29603 0
1 23749 0
2 9384 0
1 3324 0
2 13194 0
2 30074 0
1 23637 0
1 14702 0
1 35854 0
1 10191 0
2 6957 0
2 1911 0
2 26839 0
2 35298 0
1 1206 0
2 28474 0
1 13898 0
1 8145 0
1 23056 0
1 33621 0
1 20940 0
1 27767 0
1 20518 0
2 2518 0
1 29384 0
1 16672 0
2 18967 0
2 38192 0
1 21118 0
2 3682 0
2 16581 0
1 26785 0
2 3124 0
1 25247 0
2 28996 0
2 12711 0
1 29815 0
2 11858 0
2 26764 0
1 24311 0
2 29357 0
1 31377 0
2 5392 0
1 20576 0
1 19193 0
2 30669 0
1 15795 0
2 24146 0
1 28603 0
1 5230 0
2 35174 0
1 37528 0
2 5368 0
2 7846 0
2 12148 0
1 19896 0
1 19788 0
2 33248 0
1 9816 0
1 38251 0
1 19340 0
1 12945 0
2 16732 0
1 32453 0
1 27012 0
2 14406 0
1 34442 0
1 27491 0
1 9875 0
1 2983 0
1 5530 0
1 6926 0
2 1214 0
1 6088 0
1 3463 0
2 29234 0
1 3304 0
2 32993 0
2 21026 0
1 3559 0
1 19507 0
1 33362 0
2 19773 0
1 28133 0
1 32461 0
2 28301 0
2 27263 0
1 23042 0
1 13356 0
2 7218 0
2 19264 0
2 6344 0
1 6315 0
1 17251 0
1 25949 0
2 3646 0
2 7903 0
2 1749 0
1 12891 0
1 37434 0
2 21333 0
2 8959 0
2 1842 0
1 11195 0
2 34495 0
2 2318 0
2 22248 0
1 8616 0
1 18070 0
1 24819 0
1 30283 0
2 36865 0
1 27154 0
2 19671 0
1 31988 0
1 24489 0
1 24648 0
2 7562 0
2 3274 0
1 24532 0
2 29543 0
2 16717 0
1 35688 0
1 27310 0
1 21264 0
1 35425 0
2 37304 0
2 28 0
2 20107 0
2 27900 0
2 30580 0
1 11242 0
1 12849 0
2 34688 0
2 11534 0
2 35376 0
2 7667 0
2 21307 0
1 30491 0
2 37636 0
1 6995 0
1 31749 0
2 15912 0
1 8507 0
1 9574 0
1 705 0
1 8703 0
2 7604 0
1 37855 0
1 10895 0
2 25111 0
2 29190 0
2 26641 0
2 24050 0
1 28253 0
1 32884 0
2 5422 0
1 35619 0
1 485 0
1 18479 0
2 23036 0
1 34786 0
1 6865 0
1 29287 0
1 14143 0
1 21874 0
2 25024 0
1 1414 0
2 10279 0
1 29290 0
2 12549 0
2 28236 0
1 31921 0
1 24366 0
1 14585 0
1 18063 0
2 16301 0
2 38110 0
2 2114 0
2 1556 0
1 12585 0
2 21766 0
2 36288 0
1 25806 0
2 37671 0
2 33519 0
2 24947 0
2 633 0
2 22838 0
2 5254 0
1 35575 0
2 27444 0
2 12074 0
2 27436 0
1 2393 0
2 22418 0
1 24571 0
2 1763 0
1 31322 0
2 13350 0
1 20981 0
1 21790 0
2 35194 0
1 10666 0
2 35216 0
2 37826 0
2 22452 0
1 10827 0
2 21798 0
1 33787 0
1 2516 0
2 26427 0
2 16740 0
1 29297 0
1 32762 0
2 28179 0
2 17258 0
1 15957 0
2 13490 0
1 3139 0
1 22419 0
1 28030 0
2 9212 0
1 20794 0
2 14824 0
1 23873 0
1 16782 0
1 35056 0
1 15604 0
1 2681 0
1 13331 0
2 7260 0
2 21630 0
2 15262 0
1 4231 0
2 24318 0
1 10661 0
1 37663 0
2 14454 0
1 1510 0
2 15017 0
2 13583 0
2 21401 0
2 16046 0
2 22658 0
2 7417 0
2 24115 0
1 32853 0
1 22829 0
1 3992 0
2 35703 0
2 15962 0
1 8238 0
2 3947 0
1 11784 0
2 17678 0
2 20682 0
2 26221 0
2 33230 0
1 13889 0
2 32387 0
2 18132 0
2 17614 0
2 2285 0
1 4335 0
2 27058 0
1 32062 0
2 382 0
1 36555 0
1 34111 0
2 5277 0
2 26394 0
2 71 0
1 22299 0
2 30657 0
2 24505 0
2 23988 0
1 19794 0
2 16758 0
1 30648 0
1 4752 0
1 28886 0
1 15356 0
2 19084 0
1 9914 0
2 10585 0
2 30409 0
1 20985 0
1 11546 0
2 22555 0
2 19389 0
2 23140 0
1 2723 0
2 31768 0
2 32396 0
1 26060 0
2 21206 0
2 21883 0
1 28265 0
1 966 0
1 23340 0
2 37216 0
2 13907 0
2 11166 0
2 34837 0
1 31366 0
2 32447 0
1 12368 0
1 7094 0
2 13006 0
2 25124 0
1 5146 0
1 11722 0
2 32976 0
1 24922 0
1 7088 0
1 8655 0
2 24832 0
1 24755 0
2 3644 0
2 4187 0
2 22096 0
2 20020 0
1 23818 0
2 8389 0
1 19392 0
1 23310 0
1 17066 0
2 7033 0
1 37250 0
2 7037 0
1 628 0
1 34362 0
1 35158 0
1 21302 0
1 33190 0
1 22249 0
1 33434 0
1 38080 0
1 29554 0
2 657 0
1 12675 0
2 26053 0
1 1095 0
1 25783 0
2 14607 0
2 25016 0
2 12738 0
2 611 0
2 8219 0
1 8088 0
2 23298 0
1 10794 0
1 17195 0
2 30085 0
2 10597 0
1 37338 0
2 10983 0
2 1453 0
2 15542 0
1 1778 0
2 25613 0
2 4603 0
1 9407 0
2 5337 0
2 13104 0
1 25933 0
2 27627 0
1 33814 0
2 34082 0
1 118 0
2 6365 0
2 34840 0
2 5318 0
1 23141 0
1 10775 0
1 3983 0
1 17135 0
2 10109 0
1 8932 0
2 30200 0
2 35577 0
1 3692 0
2 22684 0
1 17995 0
2 15277 0
2 35147 0
2 4856 0
1 35793 0
2 13711 0
2 12058 0
1 17696 0
1 22166 0
1 26607 0
2 22744 0
1 30365 0
1 17952 0
2 6779 0
2 14536 0
2 17121 0
2 3347 0
1 30647 0
1 28077 0
1 13624 0
2 11479 0
2 28508 0
1 26256 0
1 12551 0
1 6814 0
2 6723 0
1 31423 0
1 12831 0
1 33021 0
2 37369 0
2 32447 0
2 24569 0
2 28237 0
2 28954 0
2 3702 0
1 8605 0
2 34476 0
2 33676 0
1 12944 0
2 7187 0
1 10862 0
1 22598 0
1 14018 0
1 27951 0
2 24275 0
2 28551 0
1 20169 0
1 26453 0
1 17137 0
2 9497 0
1 36736 0
1 18654 0
2 13094 0
1 25634 0
2 11726 0
1 34356 0
2 18596 0
1 16662 0
1 9678 0
1 22138 0
1 29663 0
1 4327 0
2 13623 0
2 17520 0
2 36368 0
1 3824 0
1 25886 0
2 23272 0
2 25772 0
2 17358 0
1 36310 0
1 37830 0
1 29019 0
1 25699 0
1 22008 0
1 1075 0
1 7477 0
1 18853 0
2 1572 0
1 24829 0
1 26338 0
2 24751 0
2 31866 0
2 24619 0
1 6837 0
1 25822 0
1 3013 0
2 12103 0
1 24521 0
2 4495 0
1 10229 0
2 2437 0
1 25006 0
2 2685 0
1 9982 0
1 32296 0
1 35658 0
2 5990 0
1 18698 0
1 20492 0
2 31085 0
2 11012 0
1 16034 0
2 25860 0
1 20657 0
2 24724 0
2 26136 0
1 20824 0
2 3233 0
2 1162 0
2 10711 0
2 23811 0
1 13359 0
1 23032 0
1 17587 0
1 6592 0
2 2440 0
1 36091 0
2 25282 0
1 4925 0
1 242 0
2 9085 0
1 35799 0
1 15269 0
2 35590 0
1 30756 0
1 2661 0
1 36988 0
1 38217 0
1 6375 0
1 15699 0
1 31554 0
1 18448 0
2 22103 0
1 8568 0
2 23984 0
2 26123 0
1 30745 0
1 31852 0
1 20186 0
2 33958 0
2 32543 0
2 13062 0
2 10374 0
2 16735 0
2 23813 0
1 28177 0
1 27451 0
2 25556 0
1 23354 0
1 21482 0
1 12983 0
1 37150 0
2 4322 0
2 7403 0
1 22452 0
1 35221 0
1 31981 0
1 38161 0
1 3198 0
1 31410 0
1 7395 0
1 2591 0
2 5775 0
2 36918 0
1 37863 0
1 21456 0
2 6270 0
1 3247 0
1 31021 0
2 29819 0
1 25082 0
2 16108 0
1 29552 0
2 5196 0
2 11590 0
2 25701 0
2 32038 0
2 35422 0
1 11887 0
2 20172 0
1 14950 0
1 30024 0
1 16878 0
1 14945 0
2 10075 0
2 36638 0
2 25303 0
2 4681 0
2 3755 0
1 27420 0
2 17549 0
2 1881 0
2 7027 0
2 30486 0
1 2274 0
2 2827 0
2 33996 0
1 29915 0
2 27054 0
1 32208 0
1 7974 0
2 10277 0
2 3707 0
1 6817 0
1 5741 0
2 297 0
2 198 0
1 30953 0
2 23749 0
2 16371 0
1 15478 0
1 32950 0
1 21548 0
1 20285 0
1 33954 0
1 4337 0
1 19824 0
1 30416 0
2 14042 0
2 7875 0
1 10213 0
1 23777 0
1 25929 0
2 13227 0
1 27002 0
1 29987 0
2 19817 0
2 1003 0
2 36254 0
2 19705 0
2 29610 0
2 26494 0
2 26774 0
2 20405 0
2 19855 0
1 7332 0
1 15810 0
2 23594 0
2 23869 0
1 17017 0
2 13875 0
1 17892 0
2 19754 0
1 547 0
2 14106 0
2 16312 0
2 8206 0
1 8420 0
2 8882 0
1 7721 0
2 4678 0
1 11214 0
2 32472 0
1 22888 0
2 4603 0
1 6475 0
2 530 0
1 30448 0
1 6986 0
1 37515 0
2 26047 0
2 9481 0
1 4443 0
2 34833 0
1 23896 0
2 36756 0
2 33778 0
1 15540 0
1 33528 0
2 28171 0
2 29661 0
2 1538 0
2 34718 0
1 28708 0
2 28651 0
2 30360 0
2 20294 0
1 6742 0
2 9162 0
2 2247 0
1 10772 0
2 28862 0
1 21061 0
1 13140 0
1 7030 0
2 5385 0
2 6512 0
1 32491 0
1 128 0
2 37634 0
1 26144 0
2 36947 0
1 19506 0
2 9914 0
1 3309 0
2 35693 0
2 25605 0
1 9151 0
1 12512 0
1 26685 0
1 28758 0
1 7661 0
1 26006 0
2 21452 0
1 12330 0
2 9021 0
2 23433 0
2 8982 0
2 1625 0
1 2954 0
1 34466 0
2 35272 0
2 6573 0
1 22724 0
1 11051 0
1 26256 0
1 24077 0
2 29466 0
1 35342 0
1 15275 0
1 27081 0
2 23634 0
1 9899 0
1 36895 0
2 21592 0
2 16893 0
2 37606 0
1 30975 0
2 16112 0
1 8538 0
2 33173 0
1 226 0
1 21144 0
2 9840 0
1 22762 0
2 30282 0
2 11587 0
1 23608 0
2 8087 0
2 23177 0
2 28011 0
2 36936 0
1 37830 0
2 32531 0
2 31329 0
1 9527 0
2 29044 0
1 21127 0
1 38117 0
2 27217 0
2 34778 0
2 38124 0
2 29139 0
2 9633 0
2 34168 0
2 24489 0
2 4162 0
2 31535 0
2 3909 0
2 31317 0
1 20626 0
2 24057 0
1 19659 0
2 32514 0
1 34905 0
2 12907 0
2 32107 0
1 961 0
1 9843 0
2 19963 0
1 37661 0
2 30157 0
2 2305 0
1 51 0
2 5483 0
1 26835 0
1 38198 0
2 22578 0
1 635 0
2 27208 0
2 20678 0
1 8010 0
1 19657 0
2 13089 0
1 14314 0
2 36562 0
2 24636 0
2 8354 0
1 2453 0
2 31141 0
1 19849 0
1 35951 0
2 22681 0
2 30232 0
1 12819 0
2 37306 0
2 11672 0
2 27566 0
1 22453 0
1 2250 0
2 24359 0
1 15555 0
2 23847 0
1 30986 0
2 24067 0
1 35339 0
2 21583 0
1 21326 0
1 8733 0
1 35191 0
1 20520 0
2 2730 0
1 26856 0
2 22355 0
1 4273 0
1 13481 0
2 37414 0
2 1826 0
1 24920 0
2 5855 0
1 5272 0
1 13133 0
2 12879 0
2 2308 0
1 15888 0
1 37070 0
1 4814 0
1 5267 0
1 27542 0
2 31057 0
2 13078 0
1 25262 0
1 10978 0
2 23447 0
1 13536 0
2 5098 0
2 32513 0
1 11456 0
2 36995 0
1 22494 0
2 18693 0
2 33404 0
1 22429 0
2 10224 0
2 14050 0
1 2050 0
2 36599 0
2 22071 0
1 35629 0
1 21411 0
2 34158 0
2 31463 0
2 3003 0
1 32803 0
2 18745 0
1 16072 0
2 12065 0
2 27530 0
1 24192 0
2 33078 0
2 22399 0
1 29360 0
1 5174 0
2 33400 0
2 11335 0
2 22767 0
1 19893 0
1 13628 0
2 28513 0
2 5501 0
1 9924 0
1 25997 0
2 2177 0
2 22697 0
2 6903 0
1 20252 0
2 26050 0
1 26455 0
1 5937 0
2 25658 0
2 24177 0
2 34671 0
2 8937 0
2 32735 0
1 20004 0
2 36855 0
2 25869 0
2 32917 0
1 19698 0
2 15599 0
2 18445 0
1 13214 0
2 22619 0
2 29096 0
2 9806 0
1 2794 0
1 9533 0
2 16899 0
2 23203 0
2 13963 0
1 20012 0
2 5186 0
2 5265 0
2 445 0
1 1495 0
1 14156 0
2 25494 0
1 31624 0
1 27556 0
1 8480 0
1 8105 0
1 18861 0
1 7943 0
1 1415 0
1 15237 0
1 11758 0
1 30959 0
1 16036 0
2 7144 0
2 32380 0
1 32517 0
1 26619 0
2 35075 0
1 20197 0
1 24241 0
1 5600 0
2 5246 0
1 27790 0
1 35966 0
2 5924 0
2 13629 0
1 8398 0
1 28693 0
1 30671 0
1 10582 0
1 18486 0
1 32273 0
2 11795 0
2 27660 0
2 21278 0
2 10195 0
2 19518 0
2 3333 0
2 23656 0
1 6292 0
1 15373 0
1 33762 0
1 4810 0
2 16449 0
1 23057 0
2 24262 0
1 37386 0
1 7890 0
2 424 0
2 4761 0
2 19483 0
1 25876 0
1 26346 0
2 33380 0
2 22250 0
1 3860 0
1 1717 0
1 23421 0
1 4351 0
2 14675 0
2 30999 0
2 2432 0
1 4141 0
1 30349 0
1 31247 0
1 21986 0
2 19278 0
1 26130 0
1 1197 0
1 25143 0
1 31607 0
2 37277 0
2 3122 0
2 29317 0
2 21069 0
2 30579 0
2 7981 0
2 26140 0
2 29715 0
1 13736 0
2 1762 0
1 14516 0
2 35517 0
1 3598 0
1 30988 0
1 26939 0
2 33816 0
2 24068 0
1 22007 0
2 18649 0
1 1962 0
2 30748 0
1 26535 0
2 22928 0
1 957 0
2 19054 0
2 37436 0
1 19623 0
1 28887 0
2 17134 0
2 33027 0
2 15764 0
2 19697 0
2 9291 0
1 25850 0
2 31039 0
2 1110 0
1 32332 0
2 21952 0
1 25842 0
2 35296 0
2 5445 0
1 24209 0
2 21167 0
1 12854 0
2 7438 0
1 154 0
2 37361 0
2 30928 0
1 14685 0
1 21373 0
2 21800 0
1 1728 0
1 6732 0
1 35586 0
2 26435 0
2 3939 0
2 7250 0
1 31016 0
2 34301 0
2 19942 0
2 19807 0
2 13044 0
1 27992 0
1 14910 0
1 1964 0
2 15082 0
1 20216 0
1 20340 0
1 27376 0
2 15374 0
2 18835 0
2 16793 0
1 27152 0
2 33439 0
1 8991 0
2 35656 0
2 34969 0
1 12589 0
2 32242 0
2 4536 0
1 36572 0
1 14592 0
2 6318 0
2 13362 0
2 7544 0
2 29222 0
2 22202 0
1 17733 0
1 74 0
1 27649 0
2 13750 0
1 20008 0
1 14101 0
1 3066 0
2 29852 0
1 19214 0
1 9437 0
2 23798 0
1 9217 0
1 495 0
2 2472 0
1 26434 0
2 6815 0
2 26419 0
2 21272 0
2 31575 0
2 23964 0
2 4577 0
1 6313 0
1 31747 0
1 37750 0
2 3033 0
1 2376 0
1 19680 0
1 34002 0
1 10978 0
2 10001 0
1 35735 0
2 29597 0
2 4976 0
1 33457 0
1 20585 0
2 11106 0
1 2582 0
1 19880 0
1 19508 0
1 4987 0
1 31395 0
1 23081 0
1 37728 0
1 33053 0
1 2442 0
1 3996 0
2 26481 0
2 38113 0
2 12649 0
1 16932 0
1 33247 0
2 34038 0
1 10269 0
2 27705 0
2 32570 0
1 16031 0
2 36892 0
1 22444 0
2 2223 0
2 23116 0
2 27766 0
2 23749 0
2 30512 0
2 37753 0
2 28613 0
1 37592 0
2 33685 0
2 20282 0
1 23367 0
1 21228 0
2 37498 0
1 14295 0
1 24444 0
1 1433 0
2 16557 0
2 22966 0
2 30745 0
2 35054 0
2 11269 0
1 21729 0
1 20121 0
1 7127 0
1 9086 0
2 29293 0
1 517 0
2 4823 0
1 20589 0
1 13379 0
2 13712 0
2 23125 0
1 4014 0
2 9376 0
2 24733 0
1 33672 0
2 8987 0
2 25836 0
1 4566 0
1 25656 0
1 11304 0
1 24283 0
1 10140 0
2 33149 0
2 1822 0
1 31969 0
1 17646 0
1 24554 0
1 34147 0
2 18638 0
2 17835 0
1 22171 0
1 18096 0
2 2562 0
1 32590 0
1 15889 0
2 25785 0
1 11251 0
2 24310 0
2 7803 0
2 26208 0
2 8223 0
2 26686 0
2 6525 0
1 14325 0
2 9360 0
2 21487 0
2 21946 0
2 16263 0
1 35805 0
1 30343 0
1 23819 0
1 14266 0
1 833 0
2 8784 0
1 38061 0
2 23467 0
2 883 0
2 21019 0
1 3735 0
2 12156 0
2 6300 0
1 35718 0
1 11387 0
1 943 0
2 18610 0
2 14612 0
2 19452 0
2 33021 0
1 36477 0
1 17118 0
1 20616 0
2 3791 0
1 6539 0
1 16748 0
2 30121 0
2 14049 0
1 22997 0
1 34103 0
2 36048 0
1 17012 0
1 21829 0
2 7293 0
2 22116 0
1 8402 0
2 23218 0
2 6058 0
2 5310 0
1 11687 0
1 5215 0
2 10485 0
1 662 0
1 15081 0
1 17799 0
2 7987 0
2 15734 0
1 20241 0
2 5526 0
1 21060 0
2 18388 0
1 10985 0
2 32405 0
1 31028 0
2 4787 0
2 17308 0
1 18392 0
2 23174 0
1 1095 0
2 25859 0
2 14544 0
1 24042 0
2 15133 0
1 28396 0
1 30304 0
2 23868 0
1 35927 0
1 33406 0
1 33591 0
1 36839 0
2 30595 0
1 12409 0
2 20591 0
1 658 0
1 3718 0
1 14146 0
2 35714 0
2 2242 0
1 28648 0
1 37777 0
1 36542 0
1 10538 0
2 36956 0
2 14308 0
2 31442 0
2 7007 0
1 7047 0
1 697 0
1 34152 0
2 3249 0
1 32801 0
1 9611 0
1 23286 0
2 12887 0
2 3163 0
1 32683 0
1 24065 0
1 29806 0
1 4699 0
2 1947 0
1 32519 0
1 22886 0
1 2494 0
1 2019 0
1 13954 0
2 28631 0
2 34726 0
2 64 0
1 1111 0
2 22138 0
2 506 0
2 5858 0
2 26438 0
2 13435 0
1 25399 0
2 31354 0
1 31128 0
2 9515 0
2 2726 0
2 132 0
2 25716 0
2 22073 0
2 3246 0
2 12780 0
2 27204 0
1 24046 0
2 18310 0
1 16986 0
2 14866 0
2 28758 0
2 19684 0
2 17219 0
2 7135 0
1 23520 0
1 31297 0
2 22870 0
2 25719 0
1 33645 0
2 8747 0
2 14899 0
2 21028 0
1 8688 0
1 20074 0
2 10905 0
2 20621 0
2 4614 0
2 8647 0
1 32069 0
2 14164 0
1 1459 0
2 34977 0
1 9927 0
2 16899 0
2 5708 0
1 2407 0
1 339 0
2 28210 0
1 20524 0
2 1115 0
2 1181 0
1 24958 0
2 13487 0
1 18576 0
1 33633 0
1 37414 0
2 22581 0
2 27162 0
2 28608 0
1 14093 0
1 19136 0
2 3484 0
1 28908 0
2 25175 0
1 34926 0
1 36121 0
2 18464 0
2 28486 0
2 21873 0
2 15303 0
1 25384 0
1 26855 0
1 34405 0
1 33123 0
2 25707 0
2 9075 0
1 33703 0
2 9274 0
1 24761 0
2 5764 0
2 24034 0
2 4824 0
2 2071 0
2 33713 0
2 13854 0
1 11408 0
2 21843 0
1 16870 0
2 33425 0
1 1883 0
1 30656 0
1 11328 0
2 9824 0
2 22907 0
1 8974 0
1 34413 0
1 34230 0
1 29190 0
2 15124 0
2 5273 0
1 33688 0
2 23523 0
2 8237 0
2 36053 0
2 2360 0
1 22267 0
1 20467 0
2 14734 0
1 19364 0
2 1555 0
2 18805 0
2 35407 0
1 2642 0
1 2506 0
2 10750 0
1 25142 0
2 520 0
2 32191 0
1 8701 0
2 26819 0
2 19153 0
1 1265 0
1 22933 0
1 23801 0
1 14304 0
1 20850 0
2 25155 0
1 13043 0
1 20866 0
1 30627 0
2 11662 0
1 4881 0
1 9960 0
1 772 0
1 7016 0
1 8776 0
2 34766 0
1 24940 0
1 33546 0
2 8445 0
1 11690 0
2 8019 0
2 15187 0
2 4072 0
2 36247 0
1 16914 0
1 7583 0
2 37057 0
1 8332 0
2 8993 0
1 13014 0
2 18463 0
2 23515 0
1 3628 0
1 34245 0
1 36963 0
2 18352 0
2 14456 0
2 11294 0
1 20542 0
1 5416 0
2 25682 0
2 14592 0
2 13682 0
1 27912 0
1 27734 0
1 16440 0
1 19525 0
2 18980 0
2 756 0
2 33105 0
1 23718 0
1 3295 0
1 18643 0
1 877 0
1 12174 0
2 37792 0
1 19010 0
1 3734 0
2 4366 0
2 31000 0
2 27969 0
2 34117 0
1 25207 0
1 29873 0
2 1103 0
2 5935 0
2 32365 0
1 23345 0
2 19785 0
1 25284 0
2 2622 0
2 12928 0
1 4508 0
2 23002 0
2 16017 0
1 21308 0
1 36119 0
2 26843 0
1 20251 0
2 21963 0
2 22650 0
2 32232 0
2 12167 0
2 17333 0
2 6311 0
1 18376 0
2 25260 0
1 21229 0
1 33836 0
2 11114 0
2 4590 0
1 16429 0
1 6976 0
1 5202 0
1 23993 0
2 6571 0
1 18973 0
2 396 0
2 10286 0
1 4780 0
1 36126 0
2 11024 0
1 28270 0
1 6733 0
1 35097 0
2 2086 0
1 31664 0
1 12299 0
1 28571 0
1 31036 0
1 15763 0
1 31590 0
2 38271 0
2 14000 0
1 19732 0
1 264 0
1 31188 0
2 32297 0
2 2269 0
1 8839 0
1 7905 0
2 30621 0
1 3068 0
1 36780 0
2 29663 0
2 15490 0
2 2910 0
2 7946 0
1 24066 0
2 34132 0
1 23515 0
2 4544 0
2 27070 0
2 25915 0
1 24981 0
2 12044 0
2 1932 0
1 29092 0
1 27101 0
2 1879 0
2 10519 0
1 373 0
1 20127 0
2 10976 0
1 19987 0
2 22173 0
2 22639 0
1 35998 0
2 14937 0
1 8410 0
2 33285 0
1 19582 0
1 5566 0
2 13117 0
2 7611 0
1 25475 0
1 8690 0
2 12142 0
2 17201 0
1 1544 0
1 8071 0
1 29807 0
1 3825 0
2 8181 0
2 22734 0
2 30498 0
2 27425 0
1 23952 0
1 3314 0
2 7036 0
1 23883 0
2 22044 0
1 25076 0
2 10721 0
1 22679 0
1 25989 0
1 11165 0
2 37054 0
1 27084 0
2 19079 0
1 9053 0
1 24975 0
1 22892 0
1 14614 0
1 952 0
2 1924 0
2 27575 0
1 20858 0
1 38224 0
1 35777 0
1 32142 0
2 17232 0
2 33935 0
1 37234 0
2 27189 0
1 34622 0
1 1747 0
1 9818 0
1 7607 0
2 16813 0
1 35799 0
1 15467 0
1 22857 0
1 26365 0
2 30520 0
1 13722 0
2 35616 0
2 24996 0
2 10914 0
2 19441 0
1 20477 0
2 16466 0
1 35947 0
2 29631 0
2 30827 0
1 15735 0
2 1997 0
2 38212 0
1 17443 0
2 19713 0
1 2928 0
1 2403 0
2 14205 0
1 37290 0
2 20364 0
1 32910 0
1 23149 0
2 4416 0
1 25922 0
2 30498 0
1 9455 0
2 23910 0
2 23444 0
2 27200 0
1 4932 0
2 5246 0
1 19581 0
2 5385 0
1 228 0
2 32513 0
1 18306 0
1 24842 0
1 24816 0
1 29004 0
2 18471 0
1 19598 0
1 11050 0
2 5517 0
1 5578 0
1 27589 0
1 17279 0
1 29339 0
1 7029 0
2 3900 0
2 28108 0
2 11815 0
2 20351 0
2 6921 0
2 35914 0
1 31693 0
2 12041 0
2 8003 0
2 16911 0
2 7222 0
1 31607 0
2 15755 0
2 6936 0
2 30521 0
2 25347 0
1 11746 0
1 23003 0
2 17762 0
1 13313 0
1 15780 0
1 16815 0
1 12978 0
1 9571 0
1 712 0
1 1922 0
2 30879 0
2 5157 0
2 5835 0
2 21668 0
1 2912 0
1 32094 0
1 26172 0
2 1885 0
2 20942 0
1 26989 0
1 22718 0
2 20339 0
2 26899 0
2 11640 0
1 6424 0
1 14047 0
1 9625 0
1 12886 0
1 37928 0
1 4608 0
1 17297 0
1 20716 0
2 6202 0
2 17734 0
1 3639 0
2 37954 0
2 20357 0
1 32937 0
1 23008 0
2 5917 0
2 14098 0
1 9714 0
1 2390 0
2 31493 0
2 13020 0
2 13275 0
2 32275 0
2 28656 0
2 36896 0
1 27575 0
2 35343 0
1 31598 0
1 31872 0
1 25884 0
2 14581 0
1 15380 0
1 17292 0
1 31063 0
2 33033 0
2 23087 0
2 35363 0
2 30311 0
2 27938 0
2 34439 0
1 37248 0
1 247 0
1 36578 0
1 16831 0
1 3072 0
2 19486 0
2 11546 0
2 26074 0
2 21877 0
1 28574 0
1 35747 0
1 18106 0
2 11259 0
1 16864 0
1 26860 0
1 31404 0
2 32786 0
2 19928 0
1 8052 0
1 23940 0
1 1853 0
2 15183 0
2 8644 0
2 37841 0
2 36319 0
2 4676 0
2 21519 0
1 16888 0
2 11443 0
1 1540 0
1 832 0
1 27296 0
2 2909 0
2 861 0
2 19154 0
1 36952 0
2 22031 0
1 26458 0
2 6965 0
2 26809 0
1 2031 0
1 6185 0
2 20061 0
2 35675 0
1 18156 0
1 1875 0
1 24248 0
1 11295 0
2 25594 0
1 10919 0
1 3201 0
2 3172 0
1 14583 0
1 16655 0
1 3674 0
2 21959 0
1 31169 0
1 23914 0
1 33801 0
2 22788 0
2 36277 0
1 6894 0
2 18399 0
2 29229 0
1 5229 0
2 25236 0
2 23996 0
2 19577 0
2 9484 0
1 29471 0
1 30084 0
2 10105 0
2 14981 0
2 18824 0
1 25796 0
2 19974 0
2 25065 0
2 15161 0
1 6685 0
2 22804 0
2 32272 0
1 17296 0
1 7675 0
1 6948 0
1 23119 0
2 12683 0
2 33487 0
1 4696 0
2 33651 0
1 22488 0
2 33553 0
2 20788 0
2 21287 0
2 12312 0
1 7668 0
1 37026 0
2 32557 0
2 8936 0
1 35118 0
1 17009 0
2 96 0
2 17183 0
2 26481 0
2 13918 0
1 6337 0
2 8426 0
2 650 0
2 19977 0
1 22652 0
2 35295 0
1 546 0
2 18669 0
2 34829 0
2 7943 0
2 20201 0
1 28250 0
1 341 0
2 12902 0
2 5444 0
1 1688 0
1 15516 0
2 25970 0
1 16638 0
1 4740 0
2 1329 0
2 5424 0
2 16983 0
1 19688 0
1 29353 0
2 37899 0
1 26454 0
2 4944 0
1 1096 0
1 4807 0
2 25117 0
1 11720 0
2 21615 0
2 11640 0
2 31921 0
1 3671 0
1 331 0
2 30407 0
2 11626 0
2 23478 0
2 34090 0
2 17724 0
2 17418 0
1 27164 0
2 18203 0
2 35249 0
2 9357 0
2 2560 0
2 24006 0
1 17771 0
1 30542 0
1 20249 0
1 33911 0
2 27897 0
1 1596 0
2 23153 0
2 4419 0
2 20113 0
1 14220 0
1 5312 0
1 27167 0
2 38199 0
1 6316 0
2 36672 0
1 36053 0
1 18889 0
1 24149 0
2 9077 0
1 8753 0
2 14700 0
1 33030 0
2 36217 0
1 16109 0
1 15354 0
2 14066 0
1 670 0
2 32827 0
2 33535 0
1 24103 0
2 9710 0
2 32245 0
2 15082 0
2 12673 0
2 7091 0
1 23538 0
2 30488 0
1 4623 0
1 28959 0
1 7372 0
1 6615 0
1 4330 0
2 33413 0
2 35769 0
1 32934 0
1 4509 0
1 34325 0
2 3352 0
2 18994 0
1 759 0
2 35155 0
1 1570 0
1 13734 0
2 35249 0
1 15155 0
2 37696 0
1 33504 0
2 28045 0
2 25167 0
2 4119 0
1 21739 0
2 6010 0
1 29371 0
2 36252 0
1 6671 0
2 30555 0
1 29405 0
2 33730 0
1 16045 0
1 8068 0
1 11645 0
2 33194 0
1 27172 0
2 37460 0
2 29349 0
1 14085 0
2 27785 0
1 32909 0
1 12131 0
2 20602 0
2 11212 0
1 25732 0
1 30130 0
1 13048 0
1 22080 0
1 22608 0
2 27378 0
1 14984 0
2 6669 0
1 11024 0
1 238 0
1 24272 0
1 13441 0
2 34257 0
1 24979 0
2 23129 0
1 28597 0
1 13034 0
1 20916 0
1 19791 0
2 27955 0
1 1571 0
1 13047 0
1 29635 0
2 35957 0
2 29626 0
2 9091 0
1 8128 0
2 3281 0
2 36404 0
1 36807 0
2 24268 0
2 29772 0
1 36385 0
1 18396 0
1 29535 0
1 36913 0
2 3883 0
2 18086 0
2 13509 0
1 9271 0
2 9592 0
2 11199 0
2 24799 0
2 36760 0
1 28591 0
2 9813 0
2 35838 0
1 27109 0
1 21315 0
2 10830 0
1 16489 0
2 26009 0
2 35153 0
2 16829 0
1 35278 0
1 31937 0
1 12191 0
1 29121 0
2 31523 0
2 35089 0
2 27186 0
2 26738 0
1 13004 0
2 19990 0
1 18224 0
2 38292 0
1 16084 0
2 35509 0
2 8341 0
2 902 0
1 13573 0
2 8423 0
2 33897 0
1 27645 0
2 31464 0
1 14330 0
1 25575 0
1 12291 0
1 33671 0
2 13530 0
2 17576 0
1 27170 0
1 14294 0
2 17514 0
1 9662 0
2 6778 0
2 6954 0
1 1953 0
2 17885 0
1 5286 0
2 19492 0
2 12890 0
2 27221 0
2 38153 0
2 9733 0
2 30497 0
1 20004 0
2 27484 0
2 13394 0
1 7659 0
1 5031 0
1 35676 0
1 16162 0
1 31250 0
1 18069 0
2 15539 0
1 16173 0
1 17490 0
2 14150 0
1 14973 0
1 5911 0
2 37182 0
1 23728 0
1 17170 0
2 19306 0
1 22712 0
2 8360 0
2 22600 0
1 31347 0
2 16252 0
1 6839 0
2 14752 0
1 11095 0
1 29013 0
1 5173 0
2 7447 0
1 19540 0
2 5457 0
2 1142 0
2 26790 0
1 27979 0
2 9957 0
1 9032 0
1 23009 0
1 12626 0
2 9693 0
1 4294 0
2 31907 0
1 25141 0
1 10234 0
2 22885 0
2 33700 0
1 431 0
1 12388 0
1 31325 0
2 30041 0
2 15196 0
1 16039 0
2 12367 0
1 30865 0
1 5289 0
2 26678 0
2 2365 0
2 29911 0
2 21758 0
2 27999 0
1 22595 0
2 12384 0
2 30274 0
1 17628 0
2 6835 0
1 7603 0
2 29604 0
2 27956 0
2 35247 0
2 2509 0
1 36501 0
2 25451 0
1 1893 0
1 32606 0
2 27513 0
1 37843 0
1 4885 0
2 8878 0
1 3628 0
2 14717 0
2 17855 0
2 17353 0
1 30904 0
2 11002 0
1 15014 0
1 17256 0
2 35860 0
2 8666 0
2 28824 0
1 4400 0
1 6560 0
2 28995 0
1 6434 0
1 8974 0
1 28189 0
1 32886 0
2 2010 0
2 11303 0
1 7526 0
2 15643 0
1 221 0
2 28821 0
1 24622 0
2 9349 0
2 26859 0
1 3974 0
2 12840 0
2 9386 0
2 36166 0
2 2888 0
2 23139 0
1 36467 0
2 35912 0
2 21424 0
1 33730 0
2 7160 0
1 37608 0
2 23477 0
1 34470 0
2 17255 0
2 27883 0
1 12976 0
2 21512 0
2 13178 0
1 22454 0
2 26811 0
2 8229 0
2 28983 0
1 24367 0
1 28374 0
1 6374 0
2 150 0
2 6751 0
2 16715 0
1 29954 0
1 10692 0
2 10133 0
2 6316 0
2 21298 0
1 3300 0
1 35873 0
1 8612 0
1 34424 0
1 10545 0
2 12108 0
2 30721 0
2 6702 0
2 27657 0
1 12944 0
1 12957 0
2 18121 0
1 34270 0
1 25005 0
2 21194 0
2 38016 0
2 1073 0
1 33447 0
2 20187 0
2 8852 0
2 27573 0
1 17416 0
1 27788 0
2 28859 0
1 6916 0
2 15671 0
1 1087 0
2 27022 0
1 11152 0
2 34178 0
2 18546 0
1 9382 0
2 33920 0
2 14207 0
2 31645 0
2 2373 0
2 37332 0
1 31639 0
2 34579 0
1 28721 0
2 2888 0
2 10049 0
2 25545 0
1 16756 0
1 2002 0
2 20115 0
2 3593 0
1 14803 0
2 30170 0
1 25905 0
2 36284 0
2 25587 0
2 19744 0
2 26144 0
2 25715 0
1 38283 0
2 26719 0
2 32595 0
2 37528 0
2 25798 0
2 36821 0
2 23023 0
1 19929 0
1 31622 0
2 1984 0
1 35161 0
1 28563 0
1 3945 0
1 6402 0
2 25298 0
2 33259 0
1 30224 0
2 7824 0
2 4863 0
2 6062 0
2 34117 0
1 15233 0
2 25131 0
2 5384 0
1 16961 0
2 8894 0
2 20633 0
1 11487 0
2 12365 0
1 2553 0
2 24802 0
2 37035 0
2 24893 0
1 36181 0
2 2948 0
2 26704 0
2 33252 0
2 9722 0
1 24468 0
1 17166 0
2 17580 0
2 12193 0
1 19262 0
2 19518 0
2 14120 0
2 21579 0
1 13921 0
2 22174 0
2 7625 0
2 415 0
1 15078 0
2 9630 0
2 35272 0
2 27203 0
1 12023 0
2 34492 0
2 19880 0
1 4021 0
2 8802 0
2 37409 0
1 20628 0
1 6201 0
2 38259 0
1 30410 0
1 28284 0
1 35844 0
2 2043 0
1 12792 0
2 7326 0
2 34737 0
1 35928 0
1 16557 0
2 33838 0
2 24961 0
1 13932 0
1 2083 0
2 10859 0
1 9779 0
2 11248 0
1 6339 0
1 11481 0
1 18771 0
1 17012 0
2 3338 0
1 32378 0
1 20618 0
2 16806 0
1 9094 0
2 19467 0
1 27605 0
1 21935 0
1 15766 0
1 36026 0
2 33117 0
1 27993 0
2 15240 0
1 36265 0
2 35190 0
2 25306 0
1 11110 0
1 14560 0
1 26250 0
2 23286 0
2 29548 0
2 6233 0
2 22819 0
1 13550 0
2 5584 0
1 937 0
2 36584 0
2 17363 0
2 37209 0
2 34304 0
1 18466 0
1 34965 0
2 10418 0
2 28815 0
2 37950 0
2 21092 0
2 33167 0
2 1428 0
1 30665 0
1 16570 0
2 9548 0
2 23393 0
2 5665 0
2 18880 0
2 3282 0
2 5964 0
2 4214 0
1 26853 0
2 33681 0
1 29975 0
2 4454 0
1 19216 0
1 28174 0
1 18910 0
2 14513 0
2 3070 0
2 19781 0
1 17678 0
1 5667 0
1 29039 0
1 36223 0
2 25650 0
2 37452 0
2 21910 0
2 31510 0
2 24199 0
1 29535 0
2 33165 0
2 1751 0
1 19972 0
2 8095 0
1 34544 0
1 8950 0
1 25969 0
2 10562 0
1 24161 0
2 18023 0
1 27215 0
2 29795 0
1 4754 0
1 32449 0
2 8412 0
1 31587 0
2 31855 0
1 27924 0
1 19914 0
1 37087 0
1 11439 0
1 31636 0
2 11343 0
1 12435 0
1 25692 0
2 5740 0
1 30246 0
2 28129 0
1 9070 0
2 24640 0
2 1834 0
1 20309 0
1 3337 0
1 30761 0
1 2214 0
2 11888 0
1 18714 0
1 5427 0
2 14874 0
1 38185 0
1 33861 0
2 13203 0
1 5243 0
2 6583 0
1 13013 0
2 19478 0
1 12489 0
1 12421 0
1 28137 0
1 25011 0
1 32963 0
1 715 0
2 19992 0
2 30498 0
1 15137 0
1 15472 0
2 26695 0
2 33859 0
1 3645 0
1 20424 0
1 13307 0
2 31573 0
1 31027 0
1 7653 0
2 10936 0
2 26268 0
1 1874 0
1 29338 0
1 22320 0
1 6287 0
2 33861 0
1 13889 0
2 18448 0
2 8476 0
1 18954 0
1 28880 0
2 26387 0
2 6632 0
2 7887 0
2 30594 0
2 3105 0
2 4338 0
1 7130 0
2 29095 0
2 330 0
2 29350 0
1 35661 0
2 12073 0
2 8946 0
1 10116 0
1 22740 0
1 15159 0
1 5261 0
2 18895 0
2 3905 0
1 4632 0
1 38067 0
2 4705 0
2 20532 0
1 26257 0
2 2995 0
1 2188 0
2 627 0
1 13983 0
2 10696 0
1 9642 0
2 13905 0
2 19716 0
1 24449 0
1 6073 0
2 10244 0
1 33713 0
2 11132 0
1 21728 0
2 9323 0
1 21537 0
1 1861 0
1 999 0
2 30456 0
1 37588 0
1 11668 0
1 17813 0
1 21042 0
1 10253 0
1 24154 0
1 35595 0
1 16942 0
2 23698 0
1 37582 0
2 32337 0
2 7784 0
2 23701 0
2 4562 0
1 21737 0
2 25192 0
1 9234 0
1 10672 0
2 37112 0
1 19431 0
1 29133 0
1 22559 0
1 21057 0
2 5915 0
1 11960 0
2 18781 0
2 36190 0
1 23541 0
2 21612 0
1 16540 0
1 453 0
2 33991 0
1 20275 0
2 33056 0
2 36573 0
2 2442 0
1 3554 0
1 25075 0
1 20886 0
2 32279 0
2 981 0
1 25553 0
2 11336 0
2 22272 0
2 6431 0
2 27246 0
2 9869 0
1 23157 0
2 1240 0
1 20657 0
2 933 0
1 18872 0
2 7173 0
1 8678 0
1 16262 0
2 3918 0
1 5362 0
2 22353 0
1 6037 0
2 38033 0
1 28656 0
2 11163 0
1 1188 0
1 18142 0
1 6746 0
1 36079 0
2 3194 0
2 24215 0
1 12106 0
2 1049 0
2 13212 0
1 15211 0
2 14632 0
1 7549 0
1 15138 0
1 18927 0
1 2090 0
2 24442 0
2 33472 0
1 20620 0
2 6793 0
2 30069 0
1 28836 0
2 17076 0
1 9472 0
1 10901 0
1 15675 0
1 3463 0
1 6759 0
2 11270 0
2 4929 0
2 33807 0
2 778 0
1 37979 0
1 15409 0
2 4548 0
1 2766 0
1 24066 0
1 36493 0
2 23323 0
2 6267 0
1 17163 0
2 33403 0
1 15094 0
1 28644 0
1 9559 0
2 17745 0
2 25919 0
2 25020 0
1 26900 0
1 13026 0
1 26026 0
2 31736 0
1 5280 0
1 4357 0
2 15237 0
1 5075 0
2 30004 0
1 19907 0
1 22379 0
1 21072 0
1 11119 0
1 26110 0
2 22213 0
2 37215 0
1 37715 0
2 32448 0
1 15612 0
1 289 0
2 26948 0
2 15418 0
2 14318 0
2 13073 0
1 25044 0
1 26628 0
1 26678 0
2 19847 0
1 31330 0
2 22841 0
2 37907 0
1 19197 0
2 27533 0
2 4320 0
1 13213 0
2 14173 0
2 28000 0
2 33843 0
1 24560 0
2 26848 0
2 8153 0
2 13987 0
2 35861 0
2 23430 0
1 7391 0
2 31107 0
1 28469 0
1 2011 0
1 28359 0
2 1521 0
2 17635 0
2 5481 0
1 1578 0
1 15365 0
2 12218 0
1 3080 0
1 19326 0
1 8340 0
2 32892 0
1 24220 0
2 30529 0
1 27179 0
1 23447 0
1 28044 0
1 29715 0
2 16296 0
1 31745 0
2 23612 0
1 33501 0
1 25086 0
2 19689 0
1 23454 0
2 11396 0
2 21977 0
1 12002 0
2 8265 0
2 16588 0
2 19458 0
2 17150 0
1 9596 0
2 29218 0
2 2115 0
2 7478 0
1 18294 0
1 25935 0
2 26194 0
1 21718 0
2 7736 0
1 9184 0
1 14730 0
2 17500 0
2 14979 0
1 4167 0
2 37813 0
1 21877 0
1 1845 0
1 22291 0
1 26850 0
1 18530 0
2 37602 0
1 29989 0
2 31028 0
2 2484 0
1 7792 0
2 1654 0
1 823 0
2 34709 0
1 1829 0
2 17219 0
1 36339 0
2 33622 0
1 32631 0
1 38247 0
2 13654 0
2 35769 0
2 22686 0
1 29044 0
1 23438 0
2 8715 0
2 3456 0
2 17003 0
2 36024 0
2 15544 0
2 37198 0
2 6614 0
2 20930 0
2 15939 0
1 26875 0
2 4527 0
1 34275 0
2 35272 0
1 3219 0
1 29361 0
2 4506 0
2 1768 0
2 14339 0
1 18202 0
1 21115 0
1 22918 0
1 1040 0
2 2133 0
2 22995 0
1 31877 0
2 25553 0
2 22373 0
1 32036 0
1 23375 0
1 26675 0
2 16010 0
1 2774 0
1 13448 0
1 34323 0
2 10786 0
1 38125 0
1 26315 0
1 26109 0
1 35688 0
2 24677 0
1 34104 0
1 23013 0
2 14583 0
1 23345 0
1 22378 0
1 13427 0
2 25558 0
1 8643 0
1 35640 0
2 29766 0
1 9899 0
2 23198 0
2 25519 0
2 27580 0
2 21783 0
2 16723 0
2 3107 0
2 7104 0
1 4245 0
2 32751 0
1 5227 0
1 35864 0
1 34755 0
1 987 0
1 16973 0
2 19015 0
2 36070 0
1 31907 0
1 25156 0
1 37906 0
2 37908 0
2 37877 0
1 21555 0
1 820 0
2 36933 0
1 14530 0
1 14554 0
1 9350 0
2 23074 0
1 30867 0
1 7816 0
1 35624 0
2 6842 0
1 13334 0
2 37712 0
2 28073 0
2 36525 0
2 21275 0
2 20643 0
1 31594 0
1 4947 0
2 12310 0
1 5548 0
1 34457 0
1 8112 0
1 14101 0
1 2227 0
2 16003 0
1 30684 0
1 16885 0
2 36838 0
1 27495 0
1 33543 0
2 31518 0
2 23765 0
1 26447 0
2 16595 0
2 8211 0
1 23920 0
2 2853 0
2 9012 0
2 25611 0
1 465 0
2 11939 0
2 37460 0
1 31076 0
1 13465 0
2 14395 0
2 4991 0
1 12420 0
2 25879 0
1 28117 0
2 35753 0
1 21464 0
2 26160 0
2 221 0
1 32773 0
1 20301 0
2 22925 0
2 24069 0
1 20029 0
2 17146 0
1 28121 0
1 9439 0
1 10112 0
2 5662 0
1 1268 0
1 13915 0
1 30446 0
2 38041 0
2 28179 0
1 27937 0
1 5644 0
2 6492 0
2 37650 0
2 32210 0
2 23411 0
1 21849 0
1 37196 0
2 25572 0
1 14595 0
1 19479 0
2 31942 0
2 9375 0
2 6433 0
1 15995 0
1 12734 0
1 34988 0
1 13019 0
2 15022 0
1 5579 0
2 23846 0
1 5195 0
1 24389 0
2 29684 0
1 19870 0
2 19824 0
2 11991 0
1 7819 0
1 36302 0
2 1165 0
1 36467 0
2 8880 0
2 18688 0
1 24409 0
1 13843 0
2 19532 0
1 22176 0
2 2715 0
2 30354 0
1 2964 0
2 21776 0
1 28564 0
1 34337 0
2 19678 0
2 1701 0
1 11264 0
1 36310 0
1 1456 0
2 25363 0
2 22372 0
1 17097 0
2 35512 0
2 34469 0
2 16852 0
2 1201 0
2 29697 0
2 23158 0
2 20306 0
1 17940 0
1 10465 0
1 17839 0
1 25400 0
2 5487 0
2 6666 0
1 23854 0
1 13196 0
2 9954 0
1 33308 0
2 29980 0
1 16244 0
2 12647 0
1 19518 0
1 10346 0
2 13586 0
1 20375 0
1 52 0
2 33540 0
1 6939 0
1 22985 0
