97 509 -57396 10046
1 95 99
2 48 618
2 7 636
1 37 22
1 11 746
2 36 629
1 64 853
2 55 359
1 8 386
2 2 329
2 84 289
2 71 138
2 80 208
1 73 226
1 59 980
2 9 797
1 80 364
1 28 401
1 1 60
1 53 415
2 29 271
2 8 164
1 79 634
1 59 961
2 27 981
1 68 505
1 65 695
2 59 446
2 69 727
1 10 576
2 57 852
1 68 90
1 8 738
1 7 252
2 87 305
2 96 999
2 68 89
2 57 619
2 46 215
2 2 875
2 15 219
2 63 209
1 25 307
2 10 789
2 27 681
2 92 503
1 50 340
1 70 268
1 46 180
1 9 841
1 77 912
2 82 248
2 59 380
1 73 266
1 21 721
1 47 665
1 63 472
2 20 781
1 48 169
1 20 211
1 72 446
1 40 658
2 87 603
2 91 111
2 39 554
1 37 580
2 77 124
1 68 661
2 65 839
2 17 110
1 30 316
2 16 644
1 21 639
1 48 591
2 54 168
2 1 208
1 63 486
2 10 475
2 38 265
2 32 957
2 75 634
1 32 510
2 89 836
2 50 32
1 32 452
1 89 55
2 18 962
1 26 72
1 82 683
2 81 814
2 29 633
2 50 53
2 19 804
2 32 311
1 95 803
2 10 262
2 1 35
1 87 385
2 97 484
2 58 484
2 53 827
1 86 682
2 44 476
2 62 563
1 13 16
2 59 598
1 71 608
2 60 380
2 30 692
2 57 649
1 58 351
1 32 44
1 17 775
1 95 983
2 49 790
2 42 617
2 47 750
2 36 246
2 55 650
2 13 424
1 26 651
2 71 379
1 24 234
2 73 734
2 89 282
2 24 21
2 40 594
1 3 844
2 74 474
2 27 462
2 27 820
2 74 218
2 92 9
2 49 481
2 60 201
2 37 979
2 41 828
2 13 285
2 25 316
1 16 512
1 20 4
1 60 2
2 16 383
2 95 16
1 41 613
2 80 930
2 35 563
2 60 236
2 6 410
2 76 395
2 75 479
2 46 546
2 9 812
2 44 290
1 67 444
2 10 472
1 27 34
2 76 644
1 34 465
2 86 160
1 85 657
1 31 470
2 73 513
1 93 28
2 53 665
2 81 914
2 33 172
1 37 895
2 49 675
2 37 233
2 75 53
2 55 874
2 42 101
2 2 307
1 56 64
1 86 771
2 44 167
1 90 380
1 90 586
1 26 137
1 11 536
2 58 795
1 80 374
2 69 527
2 19 902
1 71 157
1 79 627
1 83 975
2 57 278
1 42 810
1 40 580
2 81 884
2 27 515
2 6 268
2 97 918
1 70 618
1 54 778
1 93 486
2 12 533
1 37 406
1 75 534
1 56 62
2 18 329
1 25 250
2 24 22
1 88 280
1 3 55
2 60 320
1 61 332
1 22 442
2 39 294
2 94 438
2 4 152
2 85 15
2 2 539
2 92 779
2 15 277
2 4 287
2 6 482
1 79 353
1 44 462
1 76 605
1 20 474
2 97 693
1 21 733
1 53 969
2 39 715
2 49 823
1 65 101
2 54 190
1 32 590
1 94 653
1 79 928
2 95 843
1 43 993
2 5 211
2 74 103
1 46 311
2 78 224
1 38 983
1 95 379
1 53 198
1 30 180
1 3 660
2 22 988
2 89 70
1 28 573
2 20 456
1 86 212
1 57 256
2 47 675
1 39 22
2 41 687
1 87 253
2 34 154
1 34 315
2 80 100
2 66 691
2 70 398
2 56 828
1 18 241
2 10 595
1 81 840
2 43 128
2 91 402
2 69 246
1 94 594
2 58 220
1 19 345
1 5 164
2 7 29
1 56 25
2 20 552
2 21 218
1 1 616
2 94 118
1 38 68
1 66 15
2 58 499
1 77 988
1 9 199
1 23 925
2 63 26
1 4 72
1 74 672
2 78 876
2 19 193
2 72 4
2 48 933
2 54 188
1 81 565
1 34 27
2 93 892
1 86 886
2 15 767
1 71 142
1 59 666
2 37 8
2 80 492
2 60 234
2 51 664
2 92 77
2 94 46
1 27 92
2 15 689
2 35 978
2 33 529
1 14 780
1 11 718
2 2 54
2 9 771
2 13 295
1 66 335
1 45 838
1 83 455
1 53 681
1 80 482
1 9 467
2 77 517
1 79 62
1 63 180
2 3 474
1 73 190
2 17 491
1 94 708
2 82 201
1 23 34
2 93 706
1 58 11
2 57 130
1 48 570
1 49 928
2 79 389
2 29 481
1 53 881
1 1 307
1 57 207
2 83 250
1 96 441
2 32 288
2 15 651
2 33 850
1 27 140
1 58 576
1 7 805
1 22 162
1 11 940
2 94 627
2 25 504
1 43 24
2 18 104
2 78 37
2 3 539
2 46 805
2 59 568
1 22 872
1 37 59
1 55 266
1 75 814
1 18 259
2 76 214
1 84 151
1 89 802
2 14 192
1 72 43
2 9 913
2 97 343
2 5 141
2 38 402
2 66 13
1 28 616
2 90 619
2 79 421
1 14 311
2 33 232
2 96 106
1 53 957
2 83 361
1 91 545
2 84 649
1 34 116
1 89 602
2 50 642
2 33 559
2 23 225
1 10 463
2 8 262
1 7 77
2 64 607
2 48 754
2 17 21
2 14 3
2 11 858
1 88 643
1 37 199
1 13 504
1 77 133
1 30 397
1 74 354
2 33 246
1 40 455
2 10 712
1 32 143
2 52 339
1 58 744
2 27 944
1 73 739
2 14 376
2 82 744
1 6 573
1 43 255
1 40 474
2 26 356
2 3 443
2 58 646
1 72 688
1 40 520
1 44 911
2 70 163
2 63 75
1 24 604
2 15 103
1 68 375
2 32 398
2 8 812
1 59 779
1 59 699
2 75 442
1 24 735
2 11 828
2 93 423
2 87 959
2 23 980
2 18 12
2 34 344
2 24 148
2 72 348
1 95 701
2 16 567
1 31 122
2 78 745
1 75 966
2 59 452
1 87 333
2 67 620
1 34 212
2 9 330
1 16 771
2 71 826
1 80 153
2 40 834
2 95 547
2 46 186
1 53 796
2 14 386
2 84 700
1 8 993
1 3 260
2 78 189
1 62 26
1 81 376
2 33 584
2 80 990
2 26 755
2 20 847
1 43 671
1 56 161
1 83 206
2 68 874
2 24 741
1 87 258
1 37 474
2 84 641
2 80 167
1 63 260
1 41 52
1 7 427
1 1 318
1 30 153
1 26 805
2 65 481
1 81 512
2 31 570
2 48 103
1 53 495
2 51 459
2 28 131
1 61 667
2 86 549
2 18 252
2 71 344
2 75 917
1 45 50
2 83 705
2 10 677
1 36 106
1 69 736
1 30 581
2 34 59
2 50 60
2 90 352
1 15 920
2 79 29
1 29 956
1 7 477
1 41 939
2 83 188
2 62 932
1 78 462
