650 548
328 339
422 865
261 77
974 443
526 1
522 218
809 826
128 681
104 400
434 357
93 129
974 997
128 691
969 177
987 887
892 525
709 40
725 961
936 735
381 154
565 700
550 836
945 911
246 641
226 71
400 594
600 808
790 983
574 739
514 239
667 310
789 471
785 195
1000 557
582 942
854 642
764 552
434 668
201 515
632 45
568 925
789 515
483 615
751 616
7 664
678 428
729 870
244 94
605 233
607 123
538 516
232 111
700 4
741 514
902 638
175 870
330 383
734 207
120 959
339 309
686 579
599 352
960 844
897 285
606 765
826 931
321 87
301 321
326 12
393 785
732 32
836 850
935 656
459 758
505 425
372 111
58 160
198 555
534 711
90 667
870 466
663 834
623 613
737 360
803 188
660 449
569 604
434 829
781 298
560 544
133 256
29 921
730 975
624 202
58 138
49 926
775 885
167 392
557 822
222 30
444 84
75 160
612 23
871 630
27 303
618 638
188 847
428 587
625 897
618 769
284 735
11 912
654 706
354 821
686 134
871 578
10 351
876 274
311 171
571 11
56 501
514 993
390 890
562 263
683 121
603 393
113 73
604 75
804 241
193 301
968 833
531 945
722 619
900 890
283 580
322 217
373 910
324 506
859 131
941 375
987 245
167 439
327 561
918 935
810 645
860 915
208 446
5 788
894 687
996 709
553 842
571 788
105 84
697 583
399 531
742 375
409 304
524 222
168 101
952 59
182 797
833 931
257 740
520 619
793 906
858 204
826 671
125 663
455 213
435 868
512 401
985 482
397 390
714 33
615 38
502 440
483 51
461 155
62 284
13 687
573 141
511 876
276 470
443 770
982 71
337 882
28 609
669 136
4 36
712 572
474 624
744 126
299 84
667 222
447 733
605 985
667 661
764 455
765 74
479 897
146 299
454 510
327 701
831 92
536 682
548 672
342 75
391 320
453 948
44 80
801 463
662 617
783 918
95 506
483 791
867 512
393 410
858 110
240 246
381 821
609 832
662 541
199 377
708 811
992 494
287 640
198 23
62 451
560 98
669 194
496 262
914 897
82 780
144 201
930 284
568 528
511 518
696 475
284 992
414 781
458 13
397 516
120 55
175 593
663 741
512 914
895 277
739 959
215 380
186 183
495 447
655 316
645 200
614 774
624 119
680 315
211 242
155 894
915 791
343 489
640 414
426 269
748 329
72 241
541 783
814 689
268 362
495 837
67 740
364 242
269 182
836 196
161 272
303 273
424 407
948 154
867 777
570 477
478 372
391 742
815 882
177 759
868 72
813 564
547 458
296 229
535 193
207 54
103 861
323 922
924 66
800 482
385 929
700 886
838 529
14 236
560 743
288 77
835 379
499 372
113 158
876 661
812 856
450 76
798 114
32 113
668 521
665 355
356 434
192 526
144 517
217 694
718 477
659 570
103 559
803 366
251 525
387 991
149 494
48 882
705 377
450 957
768 732
510 776
540 371
765 719
42 452
491 132
142 327
610 813
573 233
156 477
447 984
618 100
643 826
718 980
385 825
965 968
812 195
217 563
185 605
220 594
281 606
228 869
414 275
554 815
928 839
525 29
383 524
317 783
23 740
65 297
921 441
99 524
449 186
959 597
394 921
490 292
424 211
486 621
42 766
749 222
101 550
272 35
378 489
459 608
813 133
430 846
113 106
393 663
233 513
882 966
275 331
752 621
929 449
564 13
858 219
263 910
822 28
914 448
222 622
519 842
421 489
590 158
966 408
838 98
618 844
743 542
743 486
5 606
320 418
499 547
506 932
958 304
915 51
76 41
361 441
365 673
413 642
277 253
296 188
967 849
125 786
300 318
415 654
926 463
227 945
328 814
983 645
501 184
510 173
207 546
57 224
896 664
224 45
300 628
57 338
448 113
689 518
432 223
959 702
859 287
144 920
464 283
936 253
297 34
981 512
935 728
876 971
824 756
355 779
212 955
417 513
305 234
514 10
689 307
618 258
361 720
569 511
37 453
703 946
591 800
757 346
933 56
966 484
528 557
947 226
470 296
518 184
127 44
352 926
453 681
211 584
108 277
573 473
768 641
566 186
304 45
340 623
732 924
477 602
313 895
921 860
216 47
465 426
503 351
366 3
964 288
348 577
485 338
425 686
690 107
659 535
909 367
376 348
432 963
567 103
478 916
265 951
723 559
911 93
737 999
888 202
787 296
787 808
66 996
906 644
490 25
296 892
318 208
876 460
366 866
470 328
927 625
427 939
223 886
10 364
796 48
30 918
755 861
133 788
718 802
826 743
803 426
35 819
892 946
368 623
830 934
629 340
667 397
853 348
211 738
729 314
40 788
533 326
844 501
663 80
52 155
989 170
72 128
492 989
49 323
182 623
556 109
774 570
916 835
464 210
439 736
200 566
208 883
135 7
724 146
466 44
228 766
303 407
854 870
874 786
157 92
695 477
845 804
658 592
468 346
381 326
840 621
384 430
616 804
29 994
318 816
958 102
232 395
268 279
175 807
511 686
879 724
169 473
914 201
428 480
354 977
885 62
634 683
7 473
558 828
776 735
518 752
772 299
957 297
496 203
968 164
139 483
888 753
217 216
721 44
305 603
332 733
201 83
691 417
655 61
375 364
147 320
139 696
837 327
584 132
11 209
539 807
342 637
419 779
762 488
417 580
943 935
302 839
509 249
936 749
987 418
164 925
654 665
886 335
427 792
271 392
410 95
173 630
581 235
535 679
555 268
968 802
42 158
125 839
444 201
217 870
403 354
199 1
695 167
697 779
356 351
241 140
722 518
290 71
27 690
77 495
313 645
580 431
94 619
78 2
752 911
590 652
401 65
446 798
925 564
713 624
377 549
731 98
228 548
710 15
229 592
487 982
530 448
335 396
95 659
805 445
249 992
383 983
342 991
73 868
118 702
342 646
406 122
649 539
907 262
246 356
504 934
806 648
516 780
30 541
347 485
5 192
372 734
727 353
739 479
913 863
317 856
305 897
510 516
112 290
245 466
778 296
836 184
186 677
852 767
106 474
885 496
739 173
781 501
755 656
665 962
9 31
484 442
343 578
341 999
435 473
861 841
63 134
831 166
461 550
556 156
173 418
159 583
58 100
376 546
306 14
901 953
376 518
136 605
16 150
303 490
334 799
624 306
405 852
725 987
510 518
343 853
470 947
956 835
32 591
640 503
134 550
418 335
276 137
850 541
109 927
529 552
801 399
437 597
524 556
417 805
705 24
358 361
26 164
873 78
189 994
82 954
502 793
444 822
876 62
112 900
522 617
425 155
227 562
374 222
674 105
383 288
495 820
831 961
20 397
463 937
401 592
635 63
139 802
186 119
56 301
424 127
949 438
836 558
776 614
966 515
332 296
716 876
133 757
49 635
355 190
306 387
139 14
548 95
830 865
194 168
942 962
737 4
291 847
439 310
462 503
953 241
460 180
395 546
913 454
148 558
508 411
800 379
592 385
159 830
541 959
898 396
251 950
37 788
709 63
290 704
574 472
393 474
30 626
336 90
433 519
206 302
510 581
347 657
293 624
43 733
634 780
557 113
55 984
222 273
613 654
287 205
159 214
18 165
866 178
560 642
474 669
134 716
644 25
318 198
401 505
426 269
740 433
962 543
749 629
218 721
502 146
477 144
770 220
832 288
768 834
117 212
983 204
790 687
926 494
913 690
317 141
208 370
246 151
178 222
392 869
449 814
565 703
953 179
908 829
446 93
567 299
436 287
40 570
757 259
442 132
503 663
257 976
896 311
636 941
333 379
770 243
115 345
762 769
18 253
93 157
295 809
512 932
160 316
399 819
41 23
915 559
743 973
157 999
923 839
861 692
69 162
188 655
739 622
652 361
45 241
848 44
300 631
495 446
248 698
668 351
470 732
632 280
888 660
685 951
570 223
218 354
669 25
818 127
985 724
754 274
319 151
518 791
62 739
426 438
561 461
866 985
44 937
94 565
209 429
928 520
943 496
701 351
354 124
974 994
180 302
615 817
703 430
825 627
771 933
922 146
584 123
472 541
251 799
209 7
750 62
807 821
24 504
676 42
26 205
234 353
223 194
299 242
564 209
424 652
63 516
572 653
929 836
185 324
241 467
412 558
123 802
998 920
261 443
935 574
956 165
45 882
959 298
365 170
53 930
984 799
596 676
114 602
733 890
589 424
243 175
859 594
849 340
347 440
539 182
431 687
343 641
821 774
598 617
160 503
836 326
269 382
788 33
353 774
456 296
854 932
855 290
103 459
685 407
353 149
438 632
165 314
565 944
168 449
929 454
833 893
908 249
705 21
400 646
784 220
498 688
394 300
467 222
960 62
796 189
195 988
637 559
553 551
500 800
74 222
170 295
533 509
607 550
506 110
753 379
768 7
515 666
296 701
769 782
832 512
438 623
768 167
307 492
102 530
195 886
263 416
418 853
216 138
275 378
376 119
883 850
242 373
460 45
960 559
155 480
193 345
851 449
240 693
362 346
466 647
705 224
560 734
435 173
158 391
795 451
951 843
492 62
858 869
664 999
129 47
100 823
395 600
123 732
288 201
326 578
400 975
229 433
405 280
755 671
710 792
434 665
96 682
585 406
948 276
380 245
176 516
967 389
113 985
521 797
61 994
938 886
365 125
590 771
515 75
582 448
514 976
957 581
443 734
648 353
233 841
241 140
836 352
913 507
121 609
52 962
994 933
479 91
878 445
914 98
623 556
120 754
655 697
857 69
272 802
494 478
644 72
511 462
376 861
891 858
531 914
362 20
528 89
222 854
701 786
930 654
793 389
916 45
985 832
263 601
837 256
134 903
899 644
74 445
580 21
131 53
436 951
359 808
51 678
73 949
214 914
577 490
938 49
816 634
783 132
341 750
756 720
146 579
213 11
507 550
674 902
952 975
395 891
301 461
449 210
526 159
504 258
832 412
527 406
355 765
234 374
372 781
571 734
859 748
335 405
387 768
451 600
335 140
466 116
938 832
633 259
396 768
136 447
533 915
952 142
269 295
716 384
635 301
928 547
319 860
872 701
815 728
689 538
419 156
434 479
886 422
116 840
312 460
424 619
184 407
95 483
229 601
578 930
170 485
708 91
529 334
417 515
961 565
749 675
840 730
215 68
899 460
633 713
408 61
853 275
835 306
456 326
26 834
327 365
421 845
523 345
891 906
412 284
181 454
476 290
986 213
312 487
676 658
657 785
322 512
328 286
20 569
257 439
199 897
6 727
475 715
151 164
945 309
948 809
134 986
746 80
174 353
671 181
788 145
199 195
927 336
418 882
893 92
219 724
98 735
309 50
875 350
513 701
287 522
587 205
818 764
221 402
415 73
476 86
510 750
931 422
274 210
225 835
612 99
819 569
705 860
821 786
520 308
405 110
882 456
872 797
689 860
94 868
469 584
509 199
472 919
214 448
